
Graph 1, order 11.
0 0 0 0 0 0 0 0 0 0 1
0 0 0 0 0 0 0 0 0 0 1
0 0 0 0 0 0 0 0 0 0 1
0 0 0 0 0 0 0 0 0 0 1
0 0 0 0 0 0 0 0 0 0 1
0 0 0 0 0 0 0 0 0 0 1
0 0 0 0 0 0 0 0 0 0 1
0 0 0 0 0 0 0 0 0 0 1
0 0 0 0 0 0 0 0 0 0 1
0 0 0 0 0 0 0 0 0 0 1
1 1 1 1 1 1 1 1 1 1 0

Graph 2, order 11.
0 0 0 0 0 0 0 0 0 1 1
0 0 0 0 0 0 0 0 0 0 1
0 0 0 0 0 0 0 0 0 0 1
0 0 0 0 0 0 0 0 0 0 1
0 0 0 0 0 0 0 0 0 0 1
0 0 0 0 0 0 0 0 0 0 1
0 0 0 0 0 0 0 0 0 0 1
0 0 0 0 0 0 0 0 0 0 1
0 0 0 0 0 0 0 0 0 0 1
1 0 0 0 0 0 0 0 0 0 0
1 1 1 1 1 1 1 1 1 0 0

Graph 3, order 11.
0 0 0 0 0 0 0 0 0 1 1
0 0 0 0 0 0 0 0 0 1 0
0 0 0 0 0 0 0 0 0 0 1
0 0 0 0 0 0 0 0 0 0 1
0 0 0 0 0 0 0 0 0 0 1
0 0 0 0 0 0 0 0 0 0 1
0 0 0 0 0 0 0 0 0 0 1
0 0 0 0 0 0 0 0 0 0 1
0 0 0 0 0 0 0 0 0 0 1
1 1 0 0 0 0 0 0 0 0 0
1 0 1 1 1 1 1 1 1 0 0

Graph 4, order 11.
0 0 0 0 0 0 0 0 0 1 0
0 0 0 0 0 0 0 0 0 1 0
0 0 0 0 0 0 0 0 0 0 1
0 0 0 0 0 0 0 0 0 0 1
0 0 0 0 0 0 0 0 0 0 1
0 0 0 0 0 0 0 0 0 0 1
0 0 0 0 0 0 0 0 0 0 1
0 0 0 0 0 0 0 0 0 0 1
0 0 0 0 0 0 0 0 0 0 1
1 1 0 0 0 0 0 0 0 0 1
0 0 1 1 1 1 1 1 1 1 0

Graph 5, order 11.
0 0 0 0 0 0 0 0 0 1 1
0 0 0 0 0 0 0 0 0 1 0
0 0 0 0 0 0 0 0 0 1 0
0 0 0 0 0 0 0 0 0 0 1
0 0 0 0 0 0 0 0 0 0 1
0 0 0 0 0 0 0 0 0 0 1
0 0 0 0 0 0 0 0 0 0 1
0 0 0 0 0 0 0 0 0 0 1
0 0 0 0 0 0 0 0 0 0 1
1 1 1 0 0 0 0 0 0 0 0
1 0 0 1 1 1 1 1 1 0 0

Graph 6, order 11.
0 0 0 0 0 0 0 0 0 1 0
0 0 0 0 0 0 0 0 0 1 0
0 0 0 0 0 0 0 0 0 1 0
0 0 0 0 0 0 0 0 0 0 1
0 0 0 0 0 0 0 0 0 0 1
0 0 0 0 0 0 0 0 0 0 1
0 0 0 0 0 0 0 0 0 0 1
0 0 0 0 0 0 0 0 0 0 1
0 0 0 0 0 0 0 0 0 0 1
1 1 1 0 0 0 0 0 0 0 1
0 0 0 1 1 1 1 1 1 1 0

Graph 7, order 11.
0 0 0 0 0 0 0 0 0 1 1
0 0 0 0 0 0 0 0 0 1 0
0 0 0 0 0 0 0 0 0 1 0
0 0 0 0 0 0 0 0 0 1 0
0 0 0 0 0 0 0 0 0 0 1
0 0 0 0 0 0 0 0 0 0 1
0 0 0 0 0 0 0 0 0 0 1
0 0 0 0 0 0 0 0 0 0 1
0 0 0 0 0 0 0 0 0 0 1
1 1 1 1 0 0 0 0 0 0 0
1 0 0 0 1 1 1 1 1 0 0

Graph 8, order 11.
0 0 0 0 0 0 0 0 0 1 0
0 0 0 0 0 0 0 0 0 1 0
0 0 0 0 0 0 0 0 0 1 0
0 0 0 0 0 0 0 0 0 1 0
0 0 0 0 0 0 0 0 0 0 1
0 0 0 0 0 0 0 0 0 0 1
0 0 0 0 0 0 0 0 0 0 1
0 0 0 0 0 0 0 0 0 0 1
0 0 0 0 0 0 0 0 0 0 1
1 1 1 1 0 0 0 0 0 0 1
0 0 0 0 1 1 1 1 1 1 0

Graph 9, order 11.
0 0 0 0 0 0 0 0 0 1 1
0 0 0 0 0 0 0 0 0 1 0
0 0 0 0 0 0 0 0 0 1 0
0 0 0 0 0 0 0 0 0 1 0
0 0 0 0 0 0 0 0 0 1 0
0 0 0 0 0 0 0 0 0 0 1
0 0 0 0 0 0 0 0 0 0 1
0 0 0 0 0 0 0 0 0 0 1
0 0 0 0 0 0 0 0 0 0 1
1 1 1 1 1 0 0 0 0 0 0
1 0 0 0 0 1 1 1 1 0 0

Graph 10, order 11.
0 0 0 0 0 0 0 0 1 0 1
0 0 0 0 0 0 0 0 0 1 1
0 0 0 0 0 0 0 0 0 0 1
0 0 0 0 0 0 0 0 0 0 1
0 0 0 0 0 0 0 0 0 0 1
0 0 0 0 0 0 0 0 0 0 1
0 0 0 0 0 0 0 0 0 0 1
0 0 0 0 0 0 0 0 0 0 1
1 0 0 0 0 0 0 0 0 0 0
0 1 0 0 0 0 0 0 0 0 0
1 1 1 1 1 1 1 1 0 0 0

Graph 11, order 11.
0 0 0 0 0 0 0 0 1 1 1
0 0 0 0 0 0 0 0 0 1 0
0 0 0 0 0 0 0 0 0 0 1
0 0 0 0 0 0 0 0 0 0 1
0 0 0 0 0 0 0 0 0 0 1
0 0 0 0 0 0 0 0 0 0 1
0 0 0 0 0 0 0 0 0 0 1
0 0 0 0 0 0 0 0 0 0 1
1 0 0 0 0 0 0 0 0 0 0
1 1 0 0 0 0 0 0 0 0 0
1 0 1 1 1 1 1 1 0 0 0

Graph 12, order 11.
0 0 0 0 0 0 0 0 1 1 0
0 0 0 0 0 0 0 0 0 1 1
0 0 0 0 0 0 0 0 0 0 1
0 0 0 0 0 0 0 0 0 0 1
0 0 0 0 0 0 0 0 0 0 1
0 0 0 0 0 0 0 0 0 0 1
0 0 0 0 0 0 0 0 0 0 1
0 0 0 0 0 0 0 0 0 0 1
1 0 0 0 0 0 0 0 0 0 0
1 1 0 0 0 0 0 0 0 0 0
0 1 1 1 1 1 1 1 0 0 0

Graph 13, order 11.
0 0 0 0 0 0 0 0 1 0 1
0 0 0 0 0 0 0 0 0 1 1
0 0 0 0 0 0 0 0 0 1 0
0 0 0 0 0 0 0 0 0 0 1
0 0 0 0 0 0 0 0 0 0 1
0 0 0 0 0 0 0 0 0 0 1
0 0 0 0 0 0 0 0 0 0 1
0 0 0 0 0 0 0 0 0 0 1
1 0 0 0 0 0 0 0 0 0 0
0 1 1 0 0 0 0 0 0 0 0
1 1 0 1 1 1 1 1 0 0 0

Graph 14, order 11.
0 0 0 0 0 0 0 0 1 0 1
0 0 0 0 0 0 0 0 0 1 0
0 0 0 0 0 0 0 0 0 1 0
0 0 0 0 0 0 0 0 0 0 1
0 0 0 0 0 0 0 0 0 0 1
0 0 0 0 0 0 0 0 0 0 1
0 0 0 0 0 0 0 0 0 0 1
0 0 0 0 0 0 0 0 0 0 1
1 0 0 0 0 0 0 0 0 0 0
0 1 1 0 0 0 0 0 0 0 1
1 0 0 1 1 1 1 1 0 1 0

Graph 15, order 11.
0 0 0 0 0 0 0 0 1 1 1
0 0 0 0 0 0 0 0 0 1 0
0 0 0 0 0 0 0 0 0 1 0
0 0 0 0 0 0 0 0 0 0 1
0 0 0 0 0 0 0 0 0 0 1
0 0 0 0 0 0 0 0 0 0 1
0 0 0 0 0 0 0 0 0 0 1
0 0 0 0 0 0 0 0 0 0 1
1 0 0 0 0 0 0 0 0 0 0
1 1 1 0 0 0 0 0 0 0 0
1 0 0 1 1 1 1 1 0 0 0

Graph 16, order 11.
0 0 0 0 0 0 0 0 1 1 0
0 0 0 0 0 0 0 0 0 1 1
0 0 0 0 0 0 0 0 0 1 0
0 0 0 0 0 0 0 0 0 0 1
0 0 0 0 0 0 0 0 0 0 1
0 0 0 0 0 0 0 0 0 0 1
0 0 0 0 0 0 0 0 0 0 1
0 0 0 0 0 0 0 0 0 0 1
1 0 0 0 0 0 0 0 0 0 0
1 1 1 0 0 0 0 0 0 0 0
0 1 0 1 1 1 1 1 0 0 0

Graph 17, order 11.
0 0 0 0 0 0 0 0 1 1 0
0 0 0 0 0 0 0 0 0 1 0
0 0 0 0 0 0 0 0 0 1 0
0 0 0 0 0 0 0 0 0 0 1
0 0 0 0 0 0 0 0 0 0 1
0 0 0 0 0 0 0 0 0 0 1
0 0 0 0 0 0 0 0 0 0 1
0 0 0 0 0 0 0 0 0 0 1
1 0 0 0 0 0 0 0 0 0 1
1 1 1 0 0 0 0 0 0 0 0
0 0 0 1 1 1 1 1 1 0 0

Graph 18, order 11.
0 0 0 0 0 0 0 0 1 1 0
0 0 0 0 0 0 0 0 0 1 0
0 0 0 0 0 0 0 0 0 1 0
0 0 0 0 0 0 0 0 0 0 1
0 0 0 0 0 0 0 0 0 0 1
0 0 0 0 0 0 0 0 0 0 1
0 0 0 0 0 0 0 0 0 0 1
0 0 0 0 0 0 0 0 0 0 1
1 0 0 0 0 0 0 0 0 0 0
1 1 1 0 0 0 0 0 0 0 1
0 0 0 1 1 1 1 1 0 1 0

Graph 19, order 11.
0 0 0 0 0 0 0 0 1 0 1
0 0 0 0 0 0 0 0 0 1 1
0 0 0 0 0 0 0 0 0 1 0
0 0 0 0 0 0 0 0 0 1 0
0 0 0 0 0 0 0 0 0 0 1
0 0 0 0 0 0 0 0 0 0 1
0 0 0 0 0 0 0 0 0 0 1
0 0 0 0 0 0 0 0 0 0 1
1 0 0 0 0 0 0 0 0 0 0
0 1 1 1 0 0 0 0 0 0 0
1 1 0 0 1 1 1 1 0 0 0

Graph 20, order 11.
0 0 0 0 0 0 0 0 1 0 1
0 0 0 0 0 0 0 0 0 1 0
0 0 0 0 0 0 0 0 0 1 0
0 0 0 0 0 0 0 0 0 1 0
0 0 0 0 0 0 0 0 0 0 1
0 0 0 0 0 0 0 0 0 0 1
0 0 0 0 0 0 0 0 0 0 1
0 0 0 0 0 0 0 0 0 0 1
1 0 0 0 0 0 0 0 0 0 0
0 1 1 1 0 0 0 0 0 0 1
1 0 0 0 1 1 1 1 0 1 0

Graph 21, order 11.
0 0 0 0 0 0 0 0 1 1 1
0 0 0 0 0 0 0 0 0 1 0
0 0 0 0 0 0 0 0 0 1 0
0 0 0 0 0 0 0 0 0 1 0
0 0 0 0 0 0 0 0 0 0 1
0 0 0 0 0 0 0 0 0 0 1
0 0 0 0 0 0 0 0 0 0 1
0 0 0 0 0 0 0 0 0 0 1
1 0 0 0 0 0 0 0 0 0 0
1 1 1 1 0 0 0 0 0 0 0
1 0 0 0 1 1 1 1 0 0 0

Graph 22, order 11.
0 0 0 0 0 0 0 0 1 1 0
0 0 0 0 0 0 0 0 0 1 1
0 0 0 0 0 0 0 0 0 1 0
0 0 0 0 0 0 0 0 0 1 0
0 0 0 0 0 0 0 0 0 0 1
0 0 0 0 0 0 0 0 0 0 1
0 0 0 0 0 0 0 0 0 0 1
0 0 0 0 0 0 0 0 0 0 1
1 0 0 0 0 0 0 0 0 0 0
1 1 1 1 0 0 0 0 0 0 0
0 1 0 0 1 1 1 1 0 0 0

Graph 23, order 11.
0 0 0 0 0 0 0 0 1 1 0
0 0 0 0 0 0 0 0 0 1 0
0 0 0 0 0 0 0 0 0 1 0
0 0 0 0 0 0 0 0 0 1 0
0 0 0 0 0 0 0 0 0 0 1
0 0 0 0 0 0 0 0 0 0 1
0 0 0 0 0 0 0 0 0 0 1
0 0 0 0 0 0 0 0 0 0 1
1 0 0 0 0 0 0 0 0 0 1
1 1 1 1 0 0 0 0 0 0 0
0 0 0 0 1 1 1 1 1 0 0

Graph 24, order 11.
0 0 0 0 0 0 0 0 1 0 1
0 0 0 0 0 0 0 0 0 1 1
0 0 0 0 0 0 0 0 0 1 0
0 0 0 0 0 0 0 0 0 1 0
0 0 0 0 0 0 0 0 0 1 0
0 0 0 0 0 0 0 0 0 0 1
0 0 0 0 0 0 0 0 0 0 1
0 0 0 0 0 0 0 0 0 0 1
1 0 0 0 0 0 0 0 0 0 0
0 1 1 1 1 0 0 0 0 0 0
1 1 0 0 0 1 1 1 0 0 0

Graph 25, order 11.
0 0 0 0 0 0 0 0 1 0 1
0 0 0 0 0 0 0 0 0 1 0
0 0 0 0 0 0 0 0 0 1 0
0 0 0 0 0 0 0 0 0 1 0
0 0 0 0 0 0 0 0 0 1 0
0 0 0 0 0 0 0 0 0 0 1
0 0 0 0 0 0 0 0 0 0 1
0 0 0 0 0 0 0 0 0 0 1
1 0 0 0 0 0 0 0 0 0 0
0 1 1 1 1 0 0 0 0 0 1
1 0 0 0 0 1 1 1 0 1 0

Graph 26, order 11.
0 0 0 0 0 0 0 0 1 1 1
0 0 0 0 0 0 0 0 1 0 0
0 0 0 0 0 0 0 0 0 1 0
0 0 0 0 0 0 0 0 0 0 1
0 0 0 0 0 0 0 0 0 0 1
0 0 0 0 0 0 0 0 0 0 1
0 0 0 0 0 0 0 0 0 0 1
0 0 0 0 0 0 0 0 0 0 1
1 1 0 0 0 0 0 0 0 0 0
1 0 1 0 0 0 0 0 0 0 0
1 0 0 1 1 1 1 1 0 0 0

Graph 27, order 11.
0 0 0 0 0 0 0 0 1 1 0
0 0 0 0 0 0 0 0 1 0 1
0 0 0 0 0 0 0 0 0 1 0
0 0 0 0 0 0 0 0 0 0 1
0 0 0 0 0 0 0 0 0 0 1
0 0 0 0 0 0 0 0 0 0 1
0 0 0 0 0 0 0 0 0 0 1
0 0 0 0 0 0 0 0 0 0 1
1 1 0 0 0 0 0 0 0 0 0
1 0 1 0 0 0 0 0 0 0 0
0 1 0 1 1 1 1 1 0 0 0

Graph 28, order 11.
0 0 0 0 0 0 0 0 1 1 0
0 0 0 0 0 0 0 0 1 0 0
0 0 0 0 0 0 0 0 0 1 0
0 0 0 0 0 0 0 0 0 0 1
0 0 0 0 0 0 0 0 0 0 1
0 0 0 0 0 0 0 0 0 0 1
0 0 0 0 0 0 0 0 0 0 1
0 0 0 0 0 0 0 0 0 0 1
1 1 0 0 0 0 0 0 0 0 1
1 0 1 0 0 0 0 0 0 0 0
0 0 0 1 1 1 1 1 1 0 0

Graph 29, order 11.
0 0 0 0 0 0 0 0 1 0 1
0 0 0 0 0 0 0 0 1 0 0
0 0 0 0 0 0 0 0 0 1 1
0 0 0 0 0 0 0 0 0 1 0
0 0 0 0 0 0 0 0 0 0 1
0 0 0 0 0 0 0 0 0 0 1
0 0 0 0 0 0 0 0 0 0 1
0 0 0 0 0 0 0 0 0 0 1
1 1 0 0 0 0 0 0 0 0 0
0 0 1 1 0 0 0 0 0 0 0
1 0 1 0 1 1 1 1 0 0 0

Graph 30, order 11.
0 0 0 0 0 0 0 0 1 0 0
0 0 0 0 0 0 0 0 1 0 0
0 0 0 0 0 0 0 0 0 1 1
0 0 0 0 0 0 0 0 0 1 0
0 0 0 0 0 0 0 0 0 0 1
0 0 0 0 0 0 0 0 0 0 1
0 0 0 0 0 0 0 0 0 0 1
0 0 0 0 0 0 0 0 0 0 1
1 1 0 0 0 0 0 0 0 0 1
0 0 1 1 0 0 0 0 0 0 0
0 0 1 0 1 1 1 1 1 0 0

Graph 31, order 11.
0 0 0 0 0 0 0 0 1 0 0
0 0 0 0 0 0 0 0 1 0 0
0 0 0 0 0 0 0 0 0 1 0
0 0 0 0 0 0 0 0 0 1 0
0 0 0 0 0 0 0 0 0 0 1
0 0 0 0 0 0 0 0 0 0 1
0 0 0 0 0 0 0 0 0 0 1
0 0 0 0 0 0 0 0 0 0 1
1 1 0 0 0 0 0 0 0 0 1
0 0 1 1 0 0 0 0 0 0 1
0 0 0 0 1 1 1 1 1 1 0

Graph 32, order 11.
0 0 0 0 0 0 0 0 1 1 1
0 0 0 0 0 0 0 0 1 0 0
0 0 0 0 0 0 0 0 0 1 0
0 0 0 0 0 0 0 0 0 1 0
0 0 0 0 0 0 0 0 0 0 1
0 0 0 0 0 0 0 0 0 0 1
0 0 0 0 0 0 0 0 0 0 1
0 0 0 0 0 0 0 0 0 0 1
1 1 0 0 0 0 0 0 0 0 0
1 0 1 1 0 0 0 0 0 0 0
1 0 0 0 1 1 1 1 0 0 0

Graph 33, order 11.
0 0 0 0 0 0 0 0 1 1 0
0 0 0 0 0 0 0 0 1 0 1
0 0 0 0 0 0 0 0 0 1 0
0 0 0 0 0 0 0 0 0 1 0
0 0 0 0 0 0 0 0 0 0 1
0 0 0 0 0 0 0 0 0 0 1
0 0 0 0 0 0 0 0 0 0 1
0 0 0 0 0 0 0 0 0 0 1
1 1 0 0 0 0 0 0 0 0 0
1 0 1 1 0 0 0 0 0 0 0
0 1 0 0 1 1 1 1 0 0 0

Graph 34, order 11.
0 0 0 0 0 0 0 0 1 1 0
0 0 0 0 0 0 0 0 1 0 0
0 0 0 0 0 0 0 0 0 1 1
0 0 0 0 0 0 0 0 0 1 0
0 0 0 0 0 0 0 0 0 0 1
0 0 0 0 0 0 0 0 0 0 1
0 0 0 0 0 0 0 0 0 0 1
0 0 0 0 0 0 0 0 0 0 1
1 1 0 0 0 0 0 0 0 0 0
1 0 1 1 0 0 0 0 0 0 0
0 0 1 0 1 1 1 1 0 0 0

Graph 35, order 11.
0 0 0 0 0 0 0 0 1 1 0
0 0 0 0 0 0 0 0 1 0 0
0 0 0 0 0 0 0 0 0 1 0
0 0 0 0 0 0 0 0 0 1 0
0 0 0 0 0 0 0 0 0 0 1
0 0 0 0 0 0 0 0 0 0 1
0 0 0 0 0 0 0 0 0 0 1
0 0 0 0 0 0 0 0 0 0 1
1 1 0 0 0 0 0 0 0 0 1
1 0 1 1 0 0 0 0 0 0 0
0 0 0 0 1 1 1 1 1 0 0

Graph 36, order 11.
0 0 0 0 0 0 0 0 1 1 0
0 0 0 0 0 0 0 0 1 0 0
0 0 0 0 0 0 0 0 0 1 0
0 0 0 0 0 0 0 0 0 1 0
0 0 0 0 0 0 0 0 0 0 1
0 0 0 0 0 0 0 0 0 0 1
0 0 0 0 0 0 0 0 0 0 1
0 0 0 0 0 0 0 0 0 0 1
1 1 0 0 0 0 0 0 0 0 0
1 0 1 1 0 0 0 0 0 0 1
0 0 0 0 1 1 1 1 0 1 0

Graph 37, order 11.
0 0 0 0 0 0 0 0 1 0 1
0 0 0 0 0 0 0 0 1 0 0
0 0 0 0 0 0 0 0 0 1 1
0 0 0 0 0 0 0 0 0 1 0
0 0 0 0 0 0 0 0 0 1 0
0 0 0 0 0 0 0 0 0 0 1
0 0 0 0 0 0 0 0 0 0 1
0 0 0 0 0 0 0 0 0 0 1
1 1 0 0 0 0 0 0 0 0 0
0 0 1 1 1 0 0 0 0 0 0
1 0 1 0 0 1 1 1 0 0 0

Graph 38, order 11.
0 0 0 0 0 0 0 0 1 0 0
0 0 0 0 0 0 0 0 1 0 0
0 0 0 0 0 0 0 0 0 1 1
0 0 0 0 0 0 0 0 0 1 0
0 0 0 0 0 0 0 0 0 1 0
0 0 0 0 0 0 0 0 0 0 1
0 0 0 0 0 0 0 0 0 0 1
0 0 0 0 0 0 0 0 0 0 1
1 1 0 0 0 0 0 0 0 0 1
0 0 1 1 1 0 0 0 0 0 0
0 0 1 0 0 1 1 1 1 0 0

Graph 39, order 11.
0 0 0 0 0 0 0 0 1 0 1
0 0 0 0 0 0 0 0 1 0 0
0 0 0 0 0 0 0 0 0 1 0
0 0 0 0 0 0 0 0 0 1 0
0 0 0 0 0 0 0 0 0 1 0
0 0 0 0 0 0 0 0 0 0 1
0 0 0 0 0 0 0 0 0 0 1
0 0 0 0 0 0 0 0 0 0 1
1 1 0 0 0 0 0 0 0 0 0
0 0 1 1 1 0 0 0 0 0 1
1 0 0 0 0 1 1 1 0 1 0

Graph 40, order 11.
0 0 0 0 0 0 0 0 1 0 0
0 0 0 0 0 0 0 0 1 0 0
0 0 0 0 0 0 0 0 0 1 0
0 0 0 0 0 0 0 0 0 1 0
0 0 0 0 0 0 0 0 0 1 0
0 0 0 0 0 0 0 0 0 0 1
0 0 0 0 0 0 0 0 0 0 1
0 0 0 0 0 0 0 0 0 0 1
1 1 0 0 0 0 0 0 0 0 1
0 0 1 1 1 0 0 0 0 0 1
0 0 0 0 0 1 1 1 1 1 0

Graph 41, order 11.
0 0 0 0 0 0 0 0 1 1 1
0 0 0 0 0 0 0 0 1 0 0
0 0 0 0 0 0 0 0 0 1 0
0 0 0 0 0 0 0 0 0 1 0
0 0 0 0 0 0 0 0 0 1 0
0 0 0 0 0 0 0 0 0 0 1
0 0 0 0 0 0 0 0 0 0 1
0 0 0 0 0 0 0 0 0 0 1
1 1 0 0 0 0 0 0 0 0 0
1 0 1 1 1 0 0 0 0 0 0
1 0 0 0 0 1 1 1 0 0 0

Graph 42, order 11.
0 0 0 0 0 0 0 0 1 1 0
0 0 0 0 0 0 0 0 1 0 1
0 0 0 0 0 0 0 0 0 1 0
0 0 0 0 0 0 0 0 0 1 0
0 0 0 0 0 0 0 0 0 1 0
0 0 0 0 0 0 0 0 0 0 1
0 0 0 0 0 0 0 0 0 0 1
0 0 0 0 0 0 0 0 0 0 1
1 1 0 0 0 0 0 0 0 0 0
1 0 1 1 1 0 0 0 0 0 0
0 1 0 0 0 1 1 1 0 0 0

Graph 43, order 11.
0 0 0 0 0 0 0 0 1 0 1
0 0 0 0 0 0 0 0 1 0 0
0 0 0 0 0 0 0 0 0 1 1
0 0 0 0 0 0 0 0 0 1 0
0 0 0 0 0 0 0 0 0 1 0
0 0 0 0 0 0 0 0 0 1 0
0 0 0 0 0 0 0 0 0 0 1
0 0 0 0 0 0 0 0 0 0 1
1 1 0 0 0 0 0 0 0 0 0
0 0 1 1 1 1 0 0 0 0 0
1 0 1 0 0 0 1 1 0 0 0

Graph 44, order 11.
0 0 0 0 0 0 0 0 1 0 1
0 0 0 0 0 0 0 0 1 0 0
0 0 0 0 0 0 0 0 0 1 0
0 0 0 0 0 0 0 0 0 1 0
0 0 0 0 0 0 0 0 0 0 1
0 0 0 0 0 0 0 0 0 0 1
0 0 0 0 0 0 0 0 0 0 1
0 0 0 0 0 0 0 0 0 0 1
1 1 0 0 0 0 0 0 0 1 0
0 0 1 1 0 0 0 0 1 0 0
1 0 0 0 1 1 1 1 0 0 0

Graph 45, order 11.
0 0 0 0 0 0 0 0 1 0 0
0 0 0 0 0 0 0 0 1 0 0
0 0 0 0 0 0 0 0 0 1 0
0 0 0 0 0 0 0 0 0 1 0
0 0 0 0 0 0 0 0 0 0 1
0 0 0 0 0 0 0 0 0 0 1
0 0 0 0 0 0 0 0 0 0 1
0 0 0 0 0 0 0 0 0 0 1
1 1 0 0 0 0 0 0 0 1 1
0 0 1 1 0 0 0 0 1 0 0
0 0 0 0 1 1 1 1 1 0 0

Graph 46, order 11.
0 0 0 0 0 0 0 0 1 0 1
0 0 0 0 0 0 0 0 1 0 0
0 0 0 0 0 0 0 0 0 1 0
0 0 0 0 0 0 0 0 0 1 0
0 0 0 0 0 0 0 0 0 1 0
0 0 0 0 0 0 0 0 0 0 1
0 0 0 0 0 0 0 0 0 0 1
0 0 0 0 0 0 0 0 0 0 1
1 1 0 0 0 0 0 0 0 1 0
0 0 1 1 1 0 0 0 1 0 0
1 0 0 0 0 1 1 1 0 0 0

Graph 47, order 11.
0 0 0 0 0 0 0 0 1 0 0
0 0 0 0 0 0 0 0 1 0 0
0 0 0 0 0 0 0 0 0 1 1
0 0 0 0 0 0 0 0 0 1 0
0 0 0 0 0 0 0 0 0 1 0
0 0 0 0 0 0 0 0 0 0 1
0 0 0 0 0 0 0 0 0 0 1
0 0 0 0 0 0 0 0 0 0 1
1 1 0 0 0 0 0 0 0 1 0
0 0 1 1 1 0 0 0 1 0 0
0 0 1 0 0 1 1 1 0 0 0

Graph 48, order 11.
0 0 0 0 0 0 0 0 1 1 1
0 0 0 0 0 0 0 0 1 0 0
0 0 0 0 0 0 0 0 1 0 0
0 0 0 0 0 0 0 0 0 1 0
0 0 0 0 0 0 0 0 0 1 0
0 0 0 0 0 0 0 0 0 0 1
0 0 0 0 0 0 0 0 0 0 1
0 0 0 0 0 0 0 0 0 0 1
1 1 1 0 0 0 0 0 0 0 0
1 0 0 1 1 0 0 0 0 0 0
1 0 0 0 0 1 1 1 0 0 0

Graph 49, order 11.
0 0 0 0 0 0 0 0 1 1 0
0 0 0 0 0 0 0 0 1 0 1
0 0 0 0 0 0 0 0 1 0 0
0 0 0 0 0 0 0 0 0 1 0
0 0 0 0 0 0 0 0 0 1 0
0 0 0 0 0 0 0 0 0 0 1
0 0 0 0 0 0 0 0 0 0 1
0 0 0 0 0 0 0 0 0 0 1
1 1 1 0 0 0 0 0 0 0 0
1 0 0 1 1 0 0 0 0 0 0
0 1 0 0 0 1 1 1 0 0 0

Graph 50, order 11.
0 0 0 0 0 0 0 0 1 0 1
0 0 0 0 0 0 0 0 1 0 0
0 0 0 0 0 0 0 0 1 0 0
0 0 0 0 0 0 0 0 0 1 1
0 0 0 0 0 0 0 0 0 1 0
0 0 0 0 0 0 0 0 0 1 0
0 0 0 0 0 0 0 0 0 0 1
0 0 0 0 0 0 0 0 0 0 1
1 1 1 0 0 0 0 0 0 0 0
0 0 0 1 1 1 0 0 0 0 0
1 0 0 1 0 0 1 1 0 0 0

Graph 51, order 11.
0 0 0 0 0 0 0 0 1 0 0
0 0 0 0 0 0 0 0 1 0 0
0 0 0 0 0 0 0 0 1 0 0
0 0 0 0 0 0 0 0 0 1 1
0 0 0 0 0 0 0 0 0 1 0
0 0 0 0 0 0 0 0 0 1 0
0 0 0 0 0 0 0 0 0 0 1
0 0 0 0 0 0 0 0 0 0 1
1 1 1 0 0 0 0 0 0 0 1
0 0 0 1 1 1 0 0 0 0 0
0 0 0 1 0 0 1 1 1 0 0

Graph 52, order 11.
0 0 0 0 0 0 0 0 1 0 0
0 0 0 0 0 0 0 0 1 0 0
0 0 0 0 0 0 0 0 1 0 0
0 0 0 0 0 0 0 0 0 1 0
0 0 0 0 0 0 0 0 0 1 0
0 0 0 0 0 0 0 0 0 1 0
0 0 0 0 0 0 0 0 0 0 1
0 0 0 0 0 0 0 0 0 0 1
1 1 1 0 0 0 0 0 0 0 1
0 0 0 1 1 1 0 0 0 0 1
0 0 0 0 0 0 1 1 1 1 0

Graph 53, order 11.
0 0 0 0 0 0 0 1 0 0 1
0 0 0 0 0 0 0 0 1 0 1
0 0 0 0 0 0 0 0 0 1 1
0 0 0 0 0 0 0 0 0 0 1
0 0 0 0 0 0 0 0 0 0 1
0 0 0 0 0 0 0 0 0 0 1
0 0 0 0 0 0 0 0 0 0 1
1 0 0 0 0 0 0 0 0 0 0
0 1 0 0 0 0 0 0 0 0 0
0 0 1 0 0 0 0 0 0 0 0
1 1 1 1 1 1 1 0 0 0 0

Graph 54, order 11.
0 0 0 0 0 0 0 1 0 1 1
0 0 0 0 0 0 0 0 1 0 1
0 0 0 0 0 0 0 0 0 1 0
0 0 0 0 0 0 0 0 0 0 1
0 0 0 0 0 0 0 0 0 0 1
0 0 0 0 0 0 0 0 0 0 1
0 0 0 0 0 0 0 0 0 0 1
1 0 0 0 0 0 0 0 0 0 0
0 1 0 0 0 0 0 0 0 0 0
1 0 1 0 0 0 0 0 0 0 0
1 1 0 1 1 1 1 0 0 0 0

Graph 55, order 11.
0 0 0 0 0 0 0 1 0 1 0
0 0 0 0 0 0 0 0 1 0 1
0 0 0 0 0 0 0 0 0 1 1
0 0 0 0 0 0 0 0 0 0 1
0 0 0 0 0 0 0 0 0 0 1
0 0 0 0 0 0 0 0 0 0 1
0 0 0 0 0 0 0 0 0 0 1
1 0 0 0 0 0 0 0 0 0 0
0 1 0 0 0 0 0 0 0 0 0
1 0 1 0 0 0 0 0 0 0 0
0 1 1 1 1 1 1 0 0 0 0

Graph 56, order 11.
0 0 0 0 0 0 0 1 0 1 1
0 0 0 0 0 0 0 0 1 1 0
0 0 0 0 0 0 0 0 0 1 0
0 0 0 0 0 0 0 0 0 0 1
0 0 0 0 0 0 0 0 0 0 1
0 0 0 0 0 0 0 0 0 0 1
0 0 0 0 0 0 0 0 0 0 1
1 0 0 0 0 0 0 0 0 0 0
0 1 0 0 0 0 0 0 0 0 0
1 1 1 0 0 0 0 0 0 0 0
1 0 0 1 1 1 1 0 0 0 0

Graph 57, order 11.
0 0 0 0 0 0 0 1 0 1 0
0 0 0 0 0 0 0 0 1 1 0
0 0 0 0 0 0 0 0 0 1 1
0 0 0 0 0 0 0 0 0 0 1
0 0 0 0 0 0 0 0 0 0 1
0 0 0 0 0 0 0 0 0 0 1
0 0 0 0 0 0 0 0 0 0 1
1 0 0 0 0 0 0 0 0 0 0
0 1 0 0 0 0 0 0 0 0 0
1 1 1 0 0 0 0 0 0 0 0
0 0 1 1 1 1 1 0 0 0 0

Graph 58, order 11.
0 0 0 0 0 0 0 1 0 1 0
0 0 0 0 0 0 0 0 1 1 0
0 0 0 0 0 0 0 0 0 1 0
0 0 0 0 0 0 0 0 0 0 1
0 0 0 0 0 0 0 0 0 0 1
0 0 0 0 0 0 0 0 0 0 1
0 0 0 0 0 0 0 0 0 0 1
1 0 0 0 0 0 0 0 0 0 1
0 1 0 0 0 0 0 0 0 0 0
1 1 1 0 0 0 0 0 0 0 0
0 0 0 1 1 1 1 1 0 0 0

Graph 59, order 11.
0 0 0 0 0 0 0 1 0 1 0
0 0 0 0 0 0 0 0 1 1 0
0 0 0 0 0 0 0 0 0 1 0
0 0 0 0 0 0 0 0 0 0 1
0 0 0 0 0 0 0 0 0 0 1
0 0 0 0 0 0 0 0 0 0 1
0 0 0 0 0 0 0 0 0 0 1
1 0 0 0 0 0 0 0 0 0 0
0 1 0 0 0 0 0 0 0 0 0
1 1 1 0 0 0 0 0 0 0 1
0 0 0 1 1 1 1 0 0 1 0

Graph 60, order 11.
0 0 0 0 0 0 0 1 0 0 1
0 0 0 0 0 0 0 0 1 0 1
0 0 0 0 0 0 0 0 0 1 1
0 0 0 0 0 0 0 0 0 1 0
0 0 0 0 0 0 0 0 0 0 1
0 0 0 0 0 0 0 0 0 0 1
0 0 0 0 0 0 0 0 0 0 1
1 0 0 0 0 0 0 0 0 0 0
0 1 0 0 0 0 0 0 0 0 0
0 0 1 1 0 0 0 0 0 0 0
1 1 1 0 1 1 1 0 0 0 0

Graph 61, order 11.
0 0 0 0 0 0 0 1 0 0 1
0 0 0 0 0 0 0 0 1 0 1
0 0 0 0 0 0 0 0 0 1 0
0 0 0 0 0 0 0 0 0 1 0
0 0 0 0 0 0 0 0 0 0 1
0 0 0 0 0 0 0 0 0 0 1
0 0 0 0 0 0 0 0 0 0 1
1 0 0 0 0 0 0 0 0 0 0
0 1 0 0 0 0 0 0 0 0 0
0 0 1 1 0 0 0 0 0 0 1
1 1 0 0 1 1 1 0 0 1 0

Graph 62, order 11.
0 0 0 0 0 0 0 1 0 1 1
0 0 0 0 0 0 0 0 1 0 1
0 0 0 0 0 0 0 0 0 1 0
0 0 0 0 0 0 0 0 0 1 0
0 0 0 0 0 0 0 0 0 0 1
0 0 0 0 0 0 0 0 0 0 1
0 0 0 0 0 0 0 0 0 0 1
1 0 0 0 0 0 0 0 0 0 0
0 1 0 0 0 0 0 0 0 0 0
1 0 1 1 0 0 0 0 0 0 0
1 1 0 0 1 1 1 0 0 0 0

Graph 63, order 11.
0 0 0 0 0 0 0 1 0 1 0
0 0 0 0 0 0 0 0 1 0 1
0 0 0 0 0 0 0 0 0 1 1
0 0 0 0 0 0 0 0 0 1 0
0 0 0 0 0 0 0 0 0 0 1
0 0 0 0 0 0 0 0 0 0 1
0 0 0 0 0 0 0 0 0 0 1
1 0 0 0 0 0 0 0 0 0 0
0 1 0 0 0 0 0 0 0 0 0
1 0 1 1 0 0 0 0 0 0 0
0 1 1 0 1 1 1 0 0 0 0

Graph 64, order 11.
0 0 0 0 0 0 0 1 0 1 0
0 0 0 0 0 0 0 0 1 0 1
0 0 0 0 0 0 0 0 0 1 0
0 0 0 0 0 0 0 0 0 1 0
0 0 0 0 0 0 0 0 0 0 1
0 0 0 0 0 0 0 0 0 0 1
0 0 0 0 0 0 0 0 0 0 1
1 0 0 0 0 0 0 0 0 0 1
0 1 0 0 0 0 0 0 0 0 0
1 0 1 1 0 0 0 0 0 0 0
0 1 0 0 1 1 1 1 0 0 0

Graph 65, order 11.
0 0 0 0 0 0 0 1 0 1 0
0 0 0 0 0 0 0 0 1 0 1
0 0 0 0 0 0 0 0 0 1 0
0 0 0 0 0 0 0 0 0 1 0
0 0 0 0 0 0 0 0 0 0 1
0 0 0 0 0 0 0 0 0 0 1
0 0 0 0 0 0 0 0 0 0 1
1 0 0 0 0 0 0 0 0 0 0
0 1 0 0 0 0 0 0 0 0 0
1 0 1 1 0 0 0 0 0 0 1
0 1 0 0 1 1 1 0 0 1 0

Graph 66, order 11.
0 0 0 0 0 0 0 1 0 0 1
0 0 0 0 0 0 0 0 1 0 1
0 0 0 0 0 0 0 0 0 1 1
0 0 0 0 0 0 0 0 0 1 0
0 0 0 0 0 0 0 0 0 1 0
0 0 0 0 0 0 0 0 0 0 1
0 0 0 0 0 0 0 0 0 0 1
1 0 0 0 0 0 0 0 0 0 0
0 1 0 0 0 0 0 0 0 0 0
0 0 1 1 1 0 0 0 0 0 0
1 1 1 0 0 1 1 0 0 0 0

Graph 67, order 11.
0 0 0 0 0 0 0 1 0 0 1
0 0 0 0 0 0 0 0 1 0 1
0 0 0 0 0 0 0 0 0 1 0
0 0 0 0 0 0 0 0 0 1 0
0 0 0 0 0 0 0 0 0 1 0
0 0 0 0 0 0 0 0 0 0 1
0 0 0 0 0 0 0 0 0 0 1
1 0 0 0 0 0 0 0 0 0 0
0 1 0 0 0 0 0 0 0 0 0
0 0 1 1 1 0 0 0 0 0 1
1 1 0 0 0 1 1 0 0 1 0

Graph 68, order 11.
0 0 0 0 0 0 0 1 0 1 1
0 0 0 0 0 0 0 0 1 0 1
0 0 0 0 0 0 0 0 0 1 0
0 0 0 0 0 0 0 0 0 1 0
0 0 0 0 0 0 0 0 0 1 0
0 0 0 0 0 0 0 0 0 0 1
0 0 0 0 0 0 0 0 0 0 1
1 0 0 0 0 0 0 0 0 0 0
0 1 0 0 0 0 0 0 0 0 0
1 0 1 1 1 0 0 0 0 0 0
1 1 0 0 0 1 1 0 0 0 0

Graph 69, order 11.
0 0 0 0 0 0 0 1 0 1 0
0 0 0 0 0 0 0 0 1 0 1
0 0 0 0 0 0 0 0 0 1 1
0 0 0 0 0 0 0 0 0 1 0
0 0 0 0 0 0 0 0 0 1 0
0 0 0 0 0 0 0 0 0 0 1
0 0 0 0 0 0 0 0 0 0 1
1 0 0 0 0 0 0 0 0 0 0
0 1 0 0 0 0 0 0 0 0 0
1 0 1 1 1 0 0 0 0 0 0
0 1 1 0 0 1 1 0 0 0 0

Graph 70, order 11.
0 0 0 0 0 0 0 1 0 1 0
0 0 0 0 0 0 0 0 1 0 1
0 0 0 0 0 0 0 0 0 1 0
0 0 0 0 0 0 0 0 0 1 0
0 0 0 0 0 0 0 0 0 1 0
0 0 0 0 0 0 0 0 0 0 1
0 0 0 0 0 0 0 0 0 0 1
1 0 0 0 0 0 0 0 0 0 1
0 1 0 0 0 0 0 0 0 0 0
1 0 1 1 1 0 0 0 0 0 0
0 1 0 0 0 1 1 1 0 0 0

Graph 71, order 11.
0 0 0 0 0 0 0 1 0 0 1
0 0 0 0 0 0 0 0 1 0 1
0 0 0 0 0 0 0 0 0 1 1
0 0 0 0 0 0 0 0 0 1 0
0 0 0 0 0 0 0 0 0 1 0
0 0 0 0 0 0 0 0 0 1 0
0 0 0 0 0 0 0 0 0 0 1
1 0 0 0 0 0 0 0 0 0 0
0 1 0 0 0 0 0 0 0 0 0
0 0 1 1 1 1 0 0 0 0 0
1 1 1 0 0 0 1 0 0 0 0

Graph 72, order 11.
0 0 0 0 0 0 0 1 1 0 1
0 0 0 0 0 0 0 0 1 1 0
0 0 0 0 0 0 0 0 0 1 0
0 0 0 0 0 0 0 0 0 0 1
0 0 0 0 0 0 0 0 0 0 1
0 0 0 0 0 0 0 0 0 0 1
0 0 0 0 0 0 0 0 0 0 1
1 0 0 0 0 0 0 0 0 0 0
1 1 0 0 0 0 0 0 0 0 0
0 1 1 0 0 0 0 0 0 0 0
1 0 0 1 1 1 1 0 0 0 0

Graph 73, order 11.
0 0 0 0 0 0 0 1 1 0 0
0 0 0 0 0 0 0 0 1 1 1
0 0 0 0 0 0 0 0 0 1 0
0 0 0 0 0 0 0 0 0 0 1
0 0 0 0 0 0 0 0 0 0 1
0 0 0 0 0 0 0 0 0 0 1
0 0 0 0 0 0 0 0 0 0 1
1 0 0 0 0 0 0 0 0 0 0
1 1 0 0 0 0 0 0 0 0 0
0 1 1 0 0 0 0 0 0 0 0
0 1 0 1 1 1 1 0 0 0 0

Graph 74, order 11.
0 0 0 0 0 0 0 1 1 0 0
0 0 0 0 0 0 0 0 1 1 0
0 0 0 0 0 0 0 0 0 1 1
0 0 0 0 0 0 0 0 0 0 1
0 0 0 0 0 0 0 0 0 0 1
0 0 0 0 0 0 0 0 0 0 1
0 0 0 0 0 0 0 0 0 0 1
1 0 0 0 0 0 0 0 0 0 0
1 1 0 0 0 0 0 0 0 0 0
0 1 1 0 0 0 0 0 0 0 0
0 0 1 1 1 1 1 0 0 0 0

Graph 75, order 11.
0 0 0 0 0 0 0 1 1 0 1
0 0 0 0 0 0 0 0 1 0 0
0 0 0 0 0 0 0 0 0 1 1
0 0 0 0 0 0 0 0 0 1 0
0 0 0 0 0 0 0 0 0 0 1
0 0 0 0 0 0 0 0 0 0 1
0 0 0 0 0 0 0 0 0 0 1
1 0 0 0 0 0 0 0 0 0 0
1 1 0 0 0 0 0 0 0 0 0
0 0 1 1 0 0 0 0 0 0 0
1 0 1 0 1 1 1 0 0 0 0

Graph 76, order 11.
0 0 0 0 0 0 0 1 1 0 0
0 0 0 0 0 0 0 0 1 0 1
0 0 0 0 0 0 0 0 0 1 1
0 0 0 0 0 0 0 0 0 1 0
0 0 0 0 0 0 0 0 0 0 1
0 0 0 0 0 0 0 0 0 0 1
0 0 0 0 0 0 0 0 0 0 1
1 0 0 0 0 0 0 0 0 0 0
1 1 0 0 0 0 0 0 0 0 0
0 0 1 1 0 0 0 0 0 0 0
0 1 1 0 1 1 1 0 0 0 0

Graph 77, order 11.
0 0 0 0 0 0 0 1 1 0 1
0 0 0 0 0 0 0 0 1 0 0
0 0 0 0 0 0 0 0 0 1 0
0 0 0 0 0 0 0 0 0 1 0
0 0 0 0 0 0 0 0 0 0 1
0 0 0 0 0 0 0 0 0 0 1
0 0 0 0 0 0 0 0 0 0 1
1 0 0 0 0 0 0 0 0 0 0
1 1 0 0 0 0 0 0 0 0 0
0 0 1 1 0 0 0 0 0 0 1
1 0 0 0 1 1 1 0 0 1 0

Graph 78, order 11.
0 0 0 0 0 0 0 1 1 0 0
0 0 0 0 0 0 0 0 1 0 1
0 0 0 0 0 0 0 0 0 1 0
0 0 0 0 0 0 0 0 0 1 0
0 0 0 0 0 0 0 0 0 0 1
0 0 0 0 0 0 0 0 0 0 1
0 0 0 0 0 0 0 0 0 0 1
1 0 0 0 0 0 0 0 0 0 0
1 1 0 0 0 0 0 0 0 0 0
0 0 1 1 0 0 0 0 0 0 1
0 1 0 0 1 1 1 0 0 1 0

Graph 79, order 11.
0 0 0 0 0 0 0 1 1 0 1
0 0 0 0 0 0 0 0 1 1 0
0 0 0 0 0 0 0 0 0 1 0
0 0 0 0 0 0 0 0 0 1 0
0 0 0 0 0 0 0 0 0 0 1
0 0 0 0 0 0 0 0 0 0 1
0 0 0 0 0 0 0 0 0 0 1
1 0 0 0 0 0 0 0 0 0 0
1 1 0 0 0 0 0 0 0 0 0
0 1 1 1 0 0 0 0 0 0 0
1 0 0 0 1 1 1 0 0 0 0

Graph 80, order 11.
0 0 0 0 0 0 0 1 1 0 0
0 0 0 0 0 0 0 0 1 1 1
0 0 0 0 0 0 0 0 0 1 0
0 0 0 0 0 0 0 0 0 1 0
0 0 0 0 0 0 0 0 0 0 1
0 0 0 0 0 0 0 0 0 0 1
0 0 0 0 0 0 0 0 0 0 1
1 0 0 0 0 0 0 0 0 0 0
1 1 0 0 0 0 0 0 0 0 0
0 1 1 1 0 0 0 0 0 0 0
0 1 0 0 1 1 1 0 0 0 0

Graph 81, order 11.
0 0 0 0 0 0 0 1 1 0 0
0 0 0 0 0 0 0 0 1 1 0
0 0 0 0 0 0 0 0 0 1 1
0 0 0 0 0 0 0 0 0 1 0
0 0 0 0 0 0 0 0 0 0 1
0 0 0 0 0 0 0 0 0 0 1
0 0 0 0 0 0 0 0 0 0 1
1 0 0 0 0 0 0 0 0 0 0
1 1 0 0 0 0 0 0 0 0 0
0 1 1 1 0 0 0 0 0 0 0
0 0 1 0 1 1 1 0 0 0 0

Graph 82, order 11.
0 0 0 0 0 0 0 1 1 0 0
0 0 0 0 0 0 0 0 1 1 0
0 0 0 0 0 0 0 0 0 1 0
0 0 0 0 0 0 0 0 0 1 0
0 0 0 0 0 0 0 0 0 0 1
0 0 0 0 0 0 0 0 0 0 1
0 0 0 0 0 0 0 0 0 0 1
1 0 0 0 0 0 0 0 0 0 1
1 1 0 0 0 0 0 0 0 0 0
0 1 1 1 0 0 0 0 0 0 0
0 0 0 0 1 1 1 1 0 0 0

Graph 83, order 11.
0 0 0 0 0 0 0 1 1 0 0
0 0 0 0 0 0 0 0 1 1 0
0 0 0 0 0 0 0 0 0 1 0
0 0 0 0 0 0 0 0 0 1 0
0 0 0 0 0 0 0 0 0 0 1
0 0 0 0 0 0 0 0 0 0 1
0 0 0 0 0 0 0 0 0 0 1
1 0 0 0 0 0 0 0 0 0 0
1 1 0 0 0 0 0 0 0 0 1
0 1 1 1 0 0 0 0 0 0 0
0 0 0 0 1 1 1 0 1 0 0

Graph 84, order 11.
0 0 0 0 0 0 0 1 1 0 1
0 0 0 0 0 0 0 0 1 0 0
0 0 0 0 0 0 0 0 0 1 1
0 0 0 0 0 0 0 0 0 1 0
0 0 0 0 0 0 0 0 0 1 0
0 0 0 0 0 0 0 0 0 0 1
0 0 0 0 0 0 0 0 0 0 1
1 0 0 0 0 0 0 0 0 0 0
1 1 0 0 0 0 0 0 0 0 0
0 0 1 1 1 0 0 0 0 0 0
1 0 1 0 0 1 1 0 0 0 0

Graph 85, order 11.
0 0 0 0 0 0 0 1 1 0 0
0 0 0 0 0 0 0 0 1 0 1
0 0 0 0 0 0 0 0 0 1 1
0 0 0 0 0 0 0 0 0 1 0
0 0 0 0 0 0 0 0 0 1 0
0 0 0 0 0 0 0 0 0 0 1
0 0 0 0 0 0 0 0 0 0 1
1 0 0 0 0 0 0 0 0 0 0
1 1 0 0 0 0 0 0 0 0 0
0 0 1 1 1 0 0 0 0 0 0
0 1 1 0 0 1 1 0 0 0 0

Graph 86, order 11.
0 0 0 0 0 0 0 1 1 0 1
0 0 0 0 0 0 0 0 1 0 0
0 0 0 0 0 0 0 0 0 1 0
0 0 0 0 0 0 0 0 0 1 0
0 0 0 0 0 0 0 0 0 1 0
0 0 0 0 0 0 0 0 0 0 1
0 0 0 0 0 0 0 0 0 0 1
1 0 0 0 0 0 0 0 0 0 0
1 1 0 0 0 0 0 0 0 0 0
0 0 1 1 1 0 0 0 0 0 1
1 0 0 0 0 1 1 0 0 1 0

Graph 87, order 11.
0 0 0 0 0 0 0 1 1 0 0
0 0 0 0 0 0 0 0 1 0 1
0 0 0 0 0 0 0 0 0 1 0
0 0 0 0 0 0 0 0 0 1 0
0 0 0 0 0 0 0 0 0 1 0
0 0 0 0 0 0 0 0 0 0 1
0 0 0 0 0 0 0 0 0 0 1
1 0 0 0 0 0 0 0 0 0 0
1 1 0 0 0 0 0 0 0 0 0
0 0 1 1 1 0 0 0 0 0 1
0 1 0 0 0 1 1 0 0 1 0

Graph 88, order 11.
0 0 0 0 0 0 0 1 0 0 1
0 0 0 0 0 0 0 0 1 1 1
0 0 0 0 0 0 0 0 1 0 0
0 0 0 0 0 0 0 0 0 1 0
0 0 0 0 0 0 0 0 0 0 1
0 0 0 0 0 0 0 0 0 0 1
0 0 0 0 0 0 0 0 0 0 1
1 0 0 0 0 0 0 0 0 0 0
0 1 1 0 0 0 0 0 0 0 0
0 1 0 1 0 0 0 0 0 0 0
1 1 0 0 1 1 1 0 0 0 0

Graph 89, order 11.
0 0 0 0 0 0 0 1 0 0 1
0 0 0 0 0 0 0 0 1 1 0
0 0 0 0 0 0 0 0 1 0 1
0 0 0 0 0 0 0 0 0 1 0
0 0 0 0 0 0 0 0 0 0 1
0 0 0 0 0 0 0 0 0 0 1
0 0 0 0 0 0 0 0 0 0 1
1 0 0 0 0 0 0 0 0 0 0
0 1 1 0 0 0 0 0 0 0 0
0 1 0 1 0 0 0 0 0 0 0
1 0 1 0 1 1 1 0 0 0 0

Graph 90, order 11.
0 0 0 0 0 0 0 1 0 0 1
0 0 0 0 0 0 0 0 1 1 0
0 0 0 0 0 0 0 0 1 0 0
0 0 0 0 0 0 0 0 0 1 0
0 0 0 0 0 0 0 0 0 0 1
0 0 0 0 0 0 0 0 0 0 1
0 0 0 0 0 0 0 0 0 0 1
1 0 0 0 0 0 0 0 0 0 0
0 1 1 0 0 0 0 0 0 0 1
0 1 0 1 0 0 0 0 0 0 0
1 0 0 0 1 1 1 0 1 0 0

Graph 91, order 11.
0 0 0 0 0 0 0 1 0 1 1
0 0 0 0 0 0 0 0 1 1 0
0 0 0 0 0 0 0 0 1 0 0
0 0 0 0 0 0 0 0 0 1 0
0 0 0 0 0 0 0 0 0 0 1
0 0 0 0 0 0 0 0 0 0 1
0 0 0 0 0 0 0 0 0 0 1
1 0 0 0 0 0 0 0 0 0 0
0 1 1 0 0 0 0 0 0 0 0
1 1 0 1 0 0 0 0 0 0 0
1 0 0 0 1 1 1 0 0 0 0

Graph 92, order 11.
0 0 0 0 0 0 0 1 0 1 0
0 0 0 0 0 0 0 0 1 1 1
0 0 0 0 0 0 0 0 1 0 0
0 0 0 0 0 0 0 0 0 1 0
0 0 0 0 0 0 0 0 0 0 1
0 0 0 0 0 0 0 0 0 0 1
0 0 0 0 0 0 0 0 0 0 1
1 0 0 0 0 0 0 0 0 0 0
0 1 1 0 0 0 0 0 0 0 0
1 1 0 1 0 0 0 0 0 0 0
0 1 0 0 1 1 1 0 0 0 0

Graph 93, order 11.
0 0 0 0 0 0 0 1 0 1 0
0 0 0 0 0 0 0 0 1 1 0
0 0 0 0 0 0 0 0 1 0 1
0 0 0 0 0 0 0 0 0 1 0
0 0 0 0 0 0 0 0 0 0 1
0 0 0 0 0 0 0 0 0 0 1
0 0 0 0 0 0 0 0 0 0 1
1 0 0 0 0 0 0 0 0 0 0
0 1 1 0 0 0 0 0 0 0 0
1 1 0 1 0 0 0 0 0 0 0
0 0 1 0 1 1 1 0 0 0 0

Graph 94, order 11.
0 0 0 0 0 0 0 1 0 1 0
0 0 0 0 0 0 0 0 1 1 0
0 0 0 0 0 0 0 0 1 0 0
0 0 0 0 0 0 0 0 0 1 1
0 0 0 0 0 0 0 0 0 0 1
0 0 0 0 0 0 0 0 0 0 1
0 0 0 0 0 0 0 0 0 0 1
1 0 0 0 0 0 0 0 0 0 0
0 1 1 0 0 0 0 0 0 0 0
1 1 0 1 0 0 0 0 0 0 0
0 0 0 1 1 1 1 0 0 0 0

Graph 95, order 11.
0 0 0 0 0 0 0 1 0 1 0
0 0 0 0 0 0 0 0 1 1 0
0 0 0 0 0 0 0 0 1 0 0
0 0 0 0 0 0 0 0 0 1 0
0 0 0 0 0 0 0 0 0 0 1
0 0 0 0 0 0 0 0 0 0 1
0 0 0 0 0 0 0 0 0 0 1
1 0 0 0 0 0 0 0 0 0 1
0 1 1 0 0 0 0 0 0 0 0
1 1 0 1 0 0 0 0 0 0 0
0 0 0 0 1 1 1 1 0 0 0

Graph 96, order 11.
0 0 0 0 0 0 0 1 0 1 0
0 0 0 0 0 0 0 0 1 1 0
0 0 0 0 0 0 0 0 1 0 0
0 0 0 0 0 0 0 0 0 1 0
0 0 0 0 0 0 0 0 0 0 1
0 0 0 0 0 0 0 0 0 0 1
0 0 0 0 0 0 0 0 0 0 1
1 0 0 0 0 0 0 0 0 0 0
0 1 1 0 0 0 0 0 0 0 1
1 1 0 1 0 0 0 0 0 0 0
0 0 0 0 1 1 1 0 1 0 0

Graph 97, order 11.
0 0 0 0 0 0 0 1 0 0 1
0 0 0 0 0 0 0 0 1 0 1
0 0 0 0 0 0 0 0 1 0 0
0 0 0 0 0 0 0 0 0 1 1
0 0 0 0 0 0 0 0 0 1 0
0 0 0 0 0 0 0 0 0 0 1
0 0 0 0 0 0 0 0 0 0 1
1 0 0 0 0 0 0 0 0 0 0
0 1 1 0 0 0 0 0 0 0 0
0 0 0 1 1 0 0 0 0 0 0
1 1 0 1 0 1 1 0 0 0 0

Graph 98, order 11.
0 0 0 0 0 0 0 1 0 0 1
0 0 0 0 0 0 0 0 1 0 0
0 0 0 0 0 0 0 0 1 0 0
0 0 0 0 0 0 0 0 0 1 1
0 0 0 0 0 0 0 0 0 1 0
0 0 0 0 0 0 0 0 0 0 1
0 0 0 0 0 0 0 0 0 0 1
1 0 0 0 0 0 0 0 0 0 0
0 1 1 0 0 0 0 0 0 0 1
0 0 0 1 1 0 0 0 0 0 0
1 0 0 1 0 1 1 0 1 0 0

Graph 99, order 11.
0 0 0 0 0 0 0 1 0 0 1
0 0 0 0 0 0 0 0 1 0 0
0 0 0 0 0 0 0 0 1 0 0
0 0 0 0 0 0 0 0 0 1 0
0 0 0 0 0 0 0 0 0 1 0
0 0 0 0 0 0 0 0 0 0 1
0 0 0 0 0 0 0 0 0 0 1
1 0 0 0 0 0 0 0 0 0 0
0 1 1 0 0 0 0 0 0 0 1
0 0 0 1 1 0 0 0 0 0 1
1 0 0 0 0 1 1 0 1 1 0

Graph 100, order 11.
0 0 0 0 0 0 0 1 0 1 1
0 0 0 0 0 0 0 0 1 0 1
0 0 0 0 0 0 0 0 1 0 0
0 0 0 0 0 0 0 0 0 1 0
0 0 0 0 0 0 0 0 0 1 0
0 0 0 0 0 0 0 0 0 0 1
0 0 0 0 0 0 0 0 0 0 1
1 0 0 0 0 0 0 0 0 0 0
0 1 1 0 0 0 0 0 0 0 0
1 0 0 1 1 0 0 0 0 0 0
1 1 0 0 0 1 1 0 0 0 0

Graph 101, order 11.
0 0 0 0 0 0 0 1 0 1 0
0 0 0 0 0 0 0 0 1 0 1
0 0 0 0 0 0 0 0 1 0 0
0 0 0 0 0 0 0 0 0 1 1
0 0 0 0 0 0 0 0 0 1 0
0 0 0 0 0 0 0 0 0 0 1
0 0 0 0 0 0 0 0 0 0 1
1 0 0 0 0 0 0 0 0 0 0
0 1 1 0 0 0 0 0 0 0 0
1 0 0 1 1 0 0 0 0 0 0
0 1 0 1 0 1 1 0 0 0 0

Graph 102, order 11.
0 0 0 0 0 0 0 1 0 1 0
0 0 0 0 0 0 0 0 1 0 1
0 0 0 0 0 0 0 0 1 0 0
0 0 0 0 0 0 0 0 0 1 0
0 0 0 0 0 0 0 0 0 1 0
0 0 0 0 0 0 0 0 0 0 1
0 0 0 0 0 0 0 0 0 0 1
1 0 0 0 0 0 0 0 0 0 1
0 1 1 0 0 0 0 0 0 0 0
1 0 0 1 1 0 0 0 0 0 0
0 1 0 0 0 1 1 1 0 0 0

Graph 103, order 11.
0 0 0 0 0 0 0 1 0 1 1
0 0 0 0 0 0 0 0 1 0 0
0 0 0 0 0 0 0 0 1 0 0
0 0 0 0 0 0 0 0 0 1 0
0 0 0 0 0 0 0 0 0 1 0
0 0 0 0 0 0 0 0 0 0 1
0 0 0 0 0 0 0 0 0 0 1
1 0 0 0 0 0 0 0 0 0 0
0 1 1 0 0 0 0 0 0 0 1
1 0 0 1 1 0 0 0 0 0 0
1 0 0 0 0 1 1 0 1 0 0

Graph 104, order 11.
0 0 0 0 0 0 0 1 0 1 0
0 0 0 0 0 0 0 0 1 0 0
0 0 0 0 0 0 0 0 1 0 0
0 0 0 0 0 0 0 0 0 1 1
0 0 0 0 0 0 0 0 0 1 0
0 0 0 0 0 0 0 0 0 0 1
0 0 0 0 0 0 0 0 0 0 1
1 0 0 0 0 0 0 0 0 0 0
0 1 1 0 0 0 0 0 0 0 1
1 0 0 1 1 0 0 0 0 0 0
0 0 0 1 0 1 1 0 1 0 0

Graph 105, order 11.
0 0 0 0 0 0 0 1 0 1 0
0 0 0 0 0 0 0 0 1 0 0
0 0 0 0 0 0 0 0 1 0 0
0 0 0 0 0 0 0 0 0 1 0
0 0 0 0 0 0 0 0 0 1 0
0 0 0 0 0 0 0 0 0 0 1
0 0 0 0 0 0 0 0 0 0 1
1 0 0 0 0 0 0 0 0 0 1
0 1 1 0 0 0 0 0 0 0 1
1 0 0 1 1 0 0 0 0 0 0
0 0 0 0 0 1 1 1 1 0 0

Graph 106, order 11.
0 0 0 0 0 0 0 1 0 0 1
0 0 0 0 0 0 0 0 1 1 1
0 0 0 0 0 0 0 0 1 0 0
0 0 0 0 0 0 0 0 0 1 0
0 0 0 0 0 0 0 0 0 1 0
0 0 0 0 0 0 0 0 0 0 1
0 0 0 0 0 0 0 0 0 0 1
1 0 0 0 0 0 0 0 0 0 0
0 1 1 0 0 0 0 0 0 0 0
0 1 0 1 1 0 0 0 0 0 0
1 1 0 0 0 1 1 0 0 0 0

Graph 107, order 11.
0 0 0 0 0 0 0 1 0 0 1
0 0 0 0 0 0 0 0 1 1 0
0 0 0 0 0 0 0 0 1 0 1
0 0 0 0 0 0 0 0 0 1 0
0 0 0 0 0 0 0 0 0 1 0
0 0 0 0 0 0 0 0 0 0 1
0 0 0 0 0 0 0 0 0 0 1
1 0 0 0 0 0 0 0 0 0 0
0 1 1 0 0 0 0 0 0 0 0
0 1 0 1 1 0 0 0 0 0 0
1 0 1 0 0 1 1 0 0 0 0

Graph 108, order 11.
0 0 0 0 0 0 0 1 0 0 1
0 0 0 0 0 0 0 0 1 1 0
0 0 0 0 0 0 0 0 1 0 0
0 0 0 0 0 0 0 0 0 1 1
0 0 0 0 0 0 0 0 0 1 0
0 0 0 0 0 0 0 0 0 0 1
0 0 0 0 0 0 0 0 0 0 1
1 0 0 0 0 0 0 0 0 0 0
0 1 1 0 0 0 0 0 0 0 0
0 1 0 1 1 0 0 0 0 0 0
1 0 0 1 0 1 1 0 0 0 0

Graph 109, order 11.
0 0 0 0 0 0 0 1 0 0 1
0 0 0 0 0 0 0 0 1 1 0
0 0 0 0 0 0 0 0 1 0 0
0 0 0 0 0 0 0 0 0 1 0
0 0 0 0 0 0 0 0 0 1 0
0 0 0 0 0 0 0 0 0 0 1
0 0 0 0 0 0 0 0 0 0 1
1 0 0 0 0 0 0 0 0 0 0
0 1 1 0 0 0 0 0 0 0 1
0 1 0 1 1 0 0 0 0 0 0
1 0 0 0 0 1 1 0 1 0 0

Graph 110, order 11.
0 0 0 0 0 0 0 1 0 0 1
0 0 0 0 0 0 0 0 1 1 0
0 0 0 0 0 0 0 0 1 0 0
0 0 0 0 0 0 0 0 0 1 0
0 0 0 0 0 0 0 0 0 1 0
0 0 0 0 0 0 0 0 0 0 1
0 0 0 0 0 0 0 0 0 0 1
1 0 0 0 0 0 0 0 0 0 0
0 1 1 0 0 0 0 0 0 0 0
0 1 0 1 1 0 0 0 0 0 1
1 0 0 0 0 1 1 0 0 1 0

Graph 111, order 11.
0 0 0 0 0 0 0 1 0 0 1
0 0 0 0 0 0 0 0 1 0 1
0 0 0 0 0 0 0 0 1 0 0
0 0 0 0 0 0 0 0 0 1 1
0 0 0 0 0 0 0 0 0 1 0
0 0 0 0 0 0 0 0 0 1 0
0 0 0 0 0 0 0 0 0 0 1
1 0 0 0 0 0 0 0 0 0 0
0 1 1 0 0 0 0 0 0 0 0
0 0 0 1 1 1 0 0 0 0 0
1 1 0 1 0 0 1 0 0 0 0

Graph 112, order 11.
0 0 0 0 0 0 0 1 0 0 1
0 0 0 0 0 0 0 0 1 0 0
0 0 0 0 0 0 0 0 1 0 0
0 0 0 0 0 0 0 0 0 1 1
0 0 0 0 0 0 0 0 0 1 0
0 0 0 0 0 0 0 0 0 1 0
0 0 0 0 0 0 0 0 0 0 1
1 0 0 0 0 0 0 0 0 0 0
0 1 1 0 0 0 0 0 0 0 1
0 0 0 1 1 1 0 0 0 0 0
1 0 0 1 0 0 1 0 1 0 0

Graph 113, order 11.
0 0 0 0 0 0 0 1 0 0 1
0 0 0 0 0 0 0 0 1 0 1
0 0 0 0 0 0 0 0 1 0 0
0 0 0 0 0 0 0 0 0 1 0
0 0 0 0 0 0 0 0 0 1 0
0 0 0 0 0 0 0 0 0 1 0
0 0 0 0 0 0 0 0 0 0 1
1 0 0 0 0 0 0 0 0 0 0
0 1 1 0 0 0 0 0 0 0 0
0 0 0 1 1 1 0 0 0 0 1
1 1 0 0 0 0 1 0 0 1 0

Graph 114, order 11.
0 0 0 0 0 0 0 1 0 0 1
0 0 0 0 0 0 0 0 1 0 0
0 0 0 0 0 0 0 0 1 0 0
0 0 0 0 0 0 0 0 0 1 0
0 0 0 0 0 0 0 0 0 1 0
0 0 0 0 0 0 0 0 0 1 0
0 0 0 0 0 0 0 0 0 0 1
1 0 0 0 0 0 0 0 0 0 0
0 1 1 0 0 0 0 0 0 0 1
0 0 0 1 1 1 0 0 0 0 1
1 0 0 0 0 0 1 0 1 1 0

Graph 115, order 11.
0 0 0 0 0 0 0 1 0 1 1
0 0 0 0 0 0 0 0 1 0 0
0 0 0 0 0 0 0 0 1 0 0
0 0 0 0 0 0 0 0 0 1 0
0 0 0 0 0 0 0 0 0 0 1
0 0 0 0 0 0 0 0 0 0 1
0 0 0 0 0 0 0 0 0 0 1
1 0 0 0 0 0 0 0 0 0 0
0 1 1 0 0 0 0 0 0 1 0
1 0 0 1 0 0 0 0 1 0 0
1 0 0 0 1 1 1 0 0 0 0

Graph 116, order 11.
0 0 0 0 0 0 0 1 0 1 0
0 0 0 0 0 0 0 0 1 0 1
0 0 0 0 0 0 0 0 1 0 0
0 0 0 0 0 0 0 0 0 1 0
0 0 0 0 0 0 0 0 0 0 1
0 0 0 0 0 0 0 0 0 0 1
0 0 0 0 0 0 0 0 0 0 1
1 0 0 0 0 0 0 0 0 0 0
0 1 1 0 0 0 0 0 0 1 0
1 0 0 1 0 0 0 0 1 0 0
0 1 0 0 1 1 1 0 0 0 0

Graph 117, order 11.
0 0 0 0 0 0 0 1 0 1 0
0 0 0 0 0 0 0 0 1 0 0
0 0 0 0 0 0 0 0 1 0 0
0 0 0 0 0 0 0 0 0 1 1
0 0 0 0 0 0 0 0 0 0 1
0 0 0 0 0 0 0 0 0 0 1
0 0 0 0 0 0 0 0 0 0 1
1 0 0 0 0 0 0 0 0 0 0
0 1 1 0 0 0 0 0 0 1 0
1 0 0 1 0 0 0 0 1 0 0
0 0 0 1 1 1 1 0 0 0 0

Graph 118, order 11.
0 0 0 0 0 0 0 1 0 1 0
0 0 0 0 0 0 0 0 1 0 0
0 0 0 0 0 0 0 0 1 0 0
0 0 0 0 0 0 0 0 0 1 0
0 0 0 0 0 0 0 0 0 0 1
0 0 0 0 0 0 0 0 0 0 1
0 0 0 0 0 0 0 0 0 0 1
1 0 0 0 0 0 0 0 0 0 1
0 1 1 0 0 0 0 0 0 1 0
1 0 0 1 0 0 0 0 1 0 0
0 0 0 0 1 1 1 1 0 0 0

Graph 119, order 11.
0 0 0 0 0 0 0 1 0 0 1
0 0 0 0 0 0 0 0 1 0 1
0 0 0 0 0 0 0 0 1 0 0
0 0 0 0 0 0 0 0 0 1 0
0 0 0 0 0 0 0 0 0 1 0
0 0 0 0 0 0 0 0 0 0 1
0 0 0 0 0 0 0 0 0 0 1
1 0 0 0 0 0 0 0 0 0 0
0 1 1 0 0 0 0 0 0 1 0
0 0 0 1 1 0 0 0 1 0 0
1 1 0 0 0 1 1 0 0 0 0

Graph 120, order 11.
0 0 0 0 0 0 0 1 0 0 1
0 0 0 0 0 0 0 0 1 0 0
0 0 0 0 0 0 0 0 1 0 0
0 0 0 0 0 0 0 0 0 1 0
0 0 0 0 0 0 0 0 0 1 0
0 0 0 0 0 0 0 0 0 0 1
0 0 0 0 0 0 0 0 0 0 1
1 0 0 0 0 0 0 0 0 0 0
0 1 1 0 0 0 0 0 0 1 1
0 0 0 1 1 0 0 0 1 0 0
1 0 0 0 0 1 1 0 1 0 0

Graph 121, order 11.
0 0 0 0 0 0 0 1 0 1 0
0 0 0 0 0 0 0 0 1 1 0
0 0 0 0 0 0 0 0 1 0 0
0 0 0 0 0 0 0 0 1 0 0
0 0 0 0 0 0 0 0 0 1 0
0 0 0 0 0 0 0 0 0 0 1
0 0 0 0 0 0 0 0 0 0 1
1 0 0 0 0 0 0 0 0 0 1
0 1 1 1 0 0 0 0 0 0 0
1 1 0 0 1 0 0 0 0 0 0
0 0 0 0 0 1 1 1 0 0 0

Graph 122, order 11.
0 0 0 0 0 0 0 1 0 0 1
0 0 0 0 0 0 0 0 1 1 0
0 0 0 0 0 0 0 0 1 0 1
0 0 0 0 0 0 0 0 1 0 0
0 0 0 0 0 0 0 0 0 1 0
0 0 0 0 0 0 0 0 0 1 0
0 0 0 0 0 0 0 0 0 0 1
1 0 0 0 0 0 0 0 0 0 0
0 1 1 1 0 0 0 0 0 0 0
0 1 0 0 1 1 0 0 0 0 0
1 0 1 0 0 0 1 0 0 0 0

Graph 123, order 11.
0 0 0 0 0 0 0 1 0 0 1
0 0 0 0 0 0 0 0 1 0 1
0 0 0 0 0 0 0 0 1 0 0
0 0 0 0 0 0 0 0 1 0 0
0 0 0 0 0 0 0 0 0 1 1
0 0 0 0 0 0 0 0 0 1 0
0 0 0 0 0 0 0 0 0 1 0
1 0 0 0 0 0 0 0 0 0 0
0 1 1 1 0 0 0 0 0 0 0
0 0 0 0 1 1 1 0 0 0 0
1 1 0 0 1 0 0 0 0 0 0

Graph 124, order 11.
0 0 0 0 0 0 0 1 1 0 1
0 0 0 0 0 0 0 1 0 1 0
0 0 0 0 0 0 0 0 1 0 0
0 0 0 0 0 0 0 0 0 1 0
0 0 0 0 0 0 0 0 0 0 1
0 0 0 0 0 0 0 0 0 0 1
0 0 0 0 0 0 0 0 0 0 1
1 1 0 0 0 0 0 0 0 0 0
1 0 1 0 0 0 0 0 0 0 0
0 1 0 1 0 0 0 0 0 0 0
1 0 0 0 1 1 1 0 0 0 0

Graph 125, order 11.
0 0 0 0 0 0 0 1 1 0 0
0 0 0 0 0 0 0 1 0 1 0
0 0 0 0 0 0 0 0 1 0 1
0 0 0 0 0 0 0 0 0 1 0
0 0 0 0 0 0 0 0 0 0 1
0 0 0 0 0 0 0 0 0 0 1
0 0 0 0 0 0 0 0 0 0 1
1 1 0 0 0 0 0 0 0 0 0
1 0 1 0 0 0 0 0 0 0 0
0 1 0 1 0 0 0 0 0 0 0
0 0 1 0 1 1 1 0 0 0 0

Graph 126, order 11.
0 0 0 0 0 0 0 1 1 0 0
0 0 0 0 0 0 0 1 0 1 0
0 0 0 0 0 0 0 0 1 0 0
0 0 0 0 0 0 0 0 0 1 0
0 0 0 0 0 0 0 0 0 0 1
0 0 0 0 0 0 0 0 0 0 1
0 0 0 0 0 0 0 0 0 0 1
1 1 0 0 0 0 0 0 0 0 1
1 0 1 0 0 0 0 0 0 0 0
0 1 0 1 0 0 0 0 0 0 0
0 0 0 0 1 1 1 1 0 0 0

Graph 127, order 11.
0 0 0 0 0 0 0 1 1 0 0
0 0 0 0 0 0 0 1 0 1 0
0 0 0 0 0 0 0 0 1 0 0
0 0 0 0 0 0 0 0 0 1 0
0 0 0 0 0 0 0 0 0 0 1
0 0 0 0 0 0 0 0 0 0 1
0 0 0 0 0 0 0 0 0 0 1
1 1 0 0 0 0 0 0 0 0 0
1 0 1 0 0 0 0 0 0 0 1
0 1 0 1 0 0 0 0 0 0 0
0 0 0 0 1 1 1 0 1 0 0

Graph 128, order 11.
0 0 0 0 0 0 0 1 1 0 1
0 0 0 0 0 0 0 1 0 0 0
0 0 0 0 0 0 0 0 1 0 0
0 0 0 0 0 0 0 0 0 1 1
0 0 0 0 0 0 0 0 0 1 0
0 0 0 0 0 0 0 0 0 0 1
0 0 0 0 0 0 0 0 0 0 1
1 1 0 0 0 0 0 0 0 0 0
1 0 1 0 0 0 0 0 0 0 0
0 0 0 1 1 0 0 0 0 0 0
1 0 0 1 0 1 1 0 0 0 0

Graph 129, order 11.
0 0 0 0 0 0 0 1 1 0 0
0 0 0 0 0 0 0 1 0 0 1
0 0 0 0 0 0 0 0 1 0 0
0 0 0 0 0 0 0 0 0 1 1
0 0 0 0 0 0 0 0 0 1 0
0 0 0 0 0 0 0 0 0 0 1
0 0 0 0 0 0 0 0 0 0 1
1 1 0 0 0 0 0 0 0 0 0
1 0 1 0 0 0 0 0 0 0 0
0 0 0 1 1 0 0 0 0 0 0
0 1 0 1 0 1 1 0 0 0 0

Graph 130, order 11.
0 0 0 0 0 0 0 1 1 0 0
0 0 0 0 0 0 0 1 0 0 0
0 0 0 0 0 0 0 0 1 0 0
0 0 0 0 0 0 0 0 0 1 1
0 0 0 0 0 0 0 0 0 1 0
0 0 0 0 0 0 0 0 0 0 1
0 0 0 0 0 0 0 0 0 0 1
1 1 0 0 0 0 0 0 0 0 1
1 0 1 0 0 0 0 0 0 0 0
0 0 0 1 1 0 0 0 0 0 0
0 0 0 1 0 1 1 1 0 0 0

Graph 131, order 11.
0 0 0 0 0 0 0 1 1 0 1
0 0 0 0 0 0 0 1 0 0 0
0 0 0 0 0 0 0 0 1 0 0
0 0 0 0 0 0 0 0 0 1 0
0 0 0 0 0 0 0 0 0 1 0
0 0 0 0 0 0 0 0 0 0 1
0 0 0 0 0 0 0 0 0 0 1
1 1 0 0 0 0 0 0 0 0 0
1 0 1 0 0 0 0 0 0 0 0
0 0 0 1 1 0 0 0 0 0 1
1 0 0 0 0 1 1 0 0 1 0

Graph 132, order 11.
0 0 0 0 0 0 0 1 1 0 0
0 0 0 0 0 0 0 1 0 0 1
0 0 0 0 0 0 0 0 1 0 0
0 0 0 0 0 0 0 0 0 1 0
0 0 0 0 0 0 0 0 0 1 0
0 0 0 0 0 0 0 0 0 0 1
0 0 0 0 0 0 0 0 0 0 1
1 1 0 0 0 0 0 0 0 0 0
1 0 1 0 0 0 0 0 0 0 0
0 0 0 1 1 0 0 0 0 0 1
0 1 0 0 0 1 1 0 0 1 0

Graph 133, order 11.
0 0 0 0 0 0 0 1 1 0 0
0 0 0 0 0 0 0 1 0 0 0
0 0 0 0 0 0 0 0 1 0 0
0 0 0 0 0 0 0 0 0 1 0
0 0 0 0 0 0 0 0 0 1 0
0 0 0 0 0 0 0 0 0 0 1
0 0 0 0 0 0 0 0 0 0 1
1 1 0 0 0 0 0 0 0 0 1
1 0 1 0 0 0 0 0 0 0 0
0 0 0 1 1 0 0 0 0 0 1
0 0 0 0 0 1 1 1 0 1 0

Graph 134, order 11.
0 0 0 0 0 0 0 1 1 0 0
0 0 0 0 0 0 0 1 0 1 0
0 0 0 0 0 0 0 0 1 0 1
0 0 0 0 0 0 0 0 0 1 0
0 0 0 0 0 0 0 0 0 1 0
0 0 0 0 0 0 0 0 0 0 1
0 0 0 0 0 0 0 0 0 0 1
1 1 0 0 0 0 0 0 0 0 0
1 0 1 0 0 0 0 0 0 0 0
0 1 0 1 1 0 0 0 0 0 0
0 0 1 0 0 1 1 0 0 0 0

Graph 135, order 11.
0 0 0 0 0 0 0 1 1 0 0
0 0 0 0 0 0 0 1 0 0 1
0 0 0 0 0 0 0 0 1 0 0
0 0 0 0 0 0 0 0 0 1 1
0 0 0 0 0 0 0 0 0 1 0
0 0 0 0 0 0 0 0 0 1 0
0 0 0 0 0 0 0 0 0 0 1
1 1 0 0 0 0 0 0 0 0 0
1 0 1 0 0 0 0 0 0 0 0
0 0 0 1 1 1 0 0 0 0 0
0 1 0 1 0 0 1 0 0 0 0

Graph 136, order 11.
0 0 0 0 0 0 0 1 0 1 0
0 0 0 0 0 0 0 1 0 0 0
0 0 0 0 0 0 0 0 1 1 0
0 0 0 0 0 0 0 0 1 0 0
0 0 0 0 0 0 0 0 0 1 0
0 0 0 0 0 0 0 0 0 0 1
0 0 0 0 0 0 0 0 0 0 1
1 1 0 0 0 0 0 0 0 0 1
0 0 1 1 0 0 0 0 0 0 0
1 0 1 0 1 0 0 0 0 0 0
0 0 0 0 0 1 1 1 0 0 0

Graph 137, order 11.
0 0 0 0 0 0 0 1 0 0 1
0 0 0 0 0 0 0 1 0 0 0
0 0 0 0 0 0 0 0 1 0 1
0 0 0 0 0 0 0 0 1 0 0
0 0 0 0 0 0 0 0 0 1 1
0 0 0 0 0 0 0 0 0 1 0
0 0 0 0 0 0 0 0 0 0 1
1 1 0 0 0 0 0 0 0 0 0
0 0 1 1 0 0 0 0 0 0 0
0 0 0 0 1 1 0 0 0 0 0
1 0 1 0 1 0 1 0 0 0 0

Graph 138, order 11.
0 0 0 0 0 0 0 1 0 0 0
0 0 0 0 0 0 0 1 0 0 0
0 0 0 0 0 0 0 0 1 0 1
0 0 0 0 0 0 0 0 1 0 0
0 0 0 0 0 0 0 0 0 1 1
0 0 0 0 0 0 0 0 0 1 0
0 0 0 0 0 0 0 0 0 0 1
1 1 0 0 0 0 0 0 0 0 1
0 0 1 1 0 0 0 0 0 0 0
0 0 0 0 1 1 0 0 0 0 0
0 0 1 0 1 0 1 1 0 0 0

Graph 139, order 11.
0 0 0 0 0 0 0 1 0 0 0
0 0 0 0 0 0 0 1 0 0 0
0 0 0 0 0 0 0 0 1 0 0
0 0 0 0 0 0 0 0 1 0 0
0 0 0 0 0 0 0 0 0 1 1
0 0 0 0 0 0 0 0 0 1 0
0 0 0 0 0 0 0 0 0 0 1
1 1 0 0 0 0 0 0 0 0 1
0 0 1 1 0 0 0 0 0 0 1
0 0 0 0 1 1 0 0 0 0 0
0 0 0 0 1 0 1 1 1 0 0

Graph 140, order 11.
0 0 0 0 0 0 0 1 0 0 0
0 0 0 0 0 0 0 1 0 0 0
0 0 0 0 0 0 0 0 1 0 0
0 0 0 0 0 0 0 0 1 0 0
0 0 0 0 0 0 0 0 0 1 0
0 0 0 0 0 0 0 0 0 1 0
0 0 0 0 0 0 0 0 0 0 1
1 1 0 0 0 0 0 0 0 0 1
0 0 1 1 0 0 0 0 0 0 1
0 0 0 0 1 1 0 0 0 0 1
0 0 0 0 0 0 1 1 1 1 0

Graph 141, order 11.
0 0 0 0 0 0 0 1 0 1 0
0 0 0 0 0 0 0 1 0 0 1
0 0 0 0 0 0 0 0 1 0 1
0 0 0 0 0 0 0 0 1 0 0
0 0 0 0 0 0 0 0 0 1 0
0 0 0 0 0 0 0 0 0 1 0
0 0 0 0 0 0 0 0 0 0 1
1 1 0 0 0 0 0 0 0 0 0
0 0 1 1 0 0 0 0 0 0 0
1 0 0 0 1 1 0 0 0 0 0
0 1 1 0 0 0 1 0 0 0 0

Graph 142, order 11.
0 0 0 0 0 0 0 1 0 1 0
0 0 0 0 0 0 0 1 0 0 0
0 0 0 0 0 0 0 0 1 0 1
0 0 0 0 0 0 0 0 1 0 0
0 0 0 0 0 0 0 0 0 1 1
0 0 0 0 0 0 0 0 0 1 0
0 0 0 0 0 0 0 0 0 0 1
1 1 0 0 0 0 0 0 0 0 0
0 0 1 1 0 0 0 0 0 0 0
1 0 0 0 1 1 0 0 0 0 0
0 0 1 0 1 0 1 0 0 0 0

Graph 143, order 11.
0 0 0 0 0 0 0 1 0 1 0
0 0 0 0 0 0 0 1 0 0 0
0 0 0 0 0 0 0 0 1 0 1
0 0 0 0 0 0 0 0 1 0 0
0 0 0 0 0 0 0 0 0 1 0
0 0 0 0 0 0 0 0 0 1 0
0 0 0 0 0 0 0 0 0 0 1
1 1 0 0 0 0 0 0 0 0 1
0 0 1 1 0 0 0 0 0 0 0
1 0 0 0 1 1 0 0 0 0 0
0 0 1 0 0 0 1 1 0 0 0

Graph 144, order 11.
0 0 0 0 0 0 0 1 0 1 0
0 0 0 0 0 0 0 1 0 0 1
0 0 0 0 0 0 0 0 1 0 0
0 0 0 0 0 0 0 0 1 0 0
0 0 0 0 0 0 0 0 0 1 0
0 0 0 0 0 0 0 0 0 1 0
0 0 0 0 0 0 0 0 0 0 1
1 1 0 0 0 0 0 0 0 0 0
0 0 1 1 0 0 0 0 0 0 1
1 0 0 0 1 1 0 0 0 0 0
0 1 0 0 0 0 1 0 1 0 0

Graph 145, order 11.
0 0 0 0 0 0 0 1 0 1 0
0 0 0 0 0 0 0 1 0 0 0
0 0 0 0 0 0 0 0 1 0 0
0 0 0 0 0 0 0 0 1 0 0
0 0 0 0 0 0 0 0 0 1 0
0 0 0 0 0 0 0 0 0 1 0
0 0 0 0 0 0 0 0 0 0 1
1 1 0 0 0 0 0 0 0 0 1
0 0 1 1 0 0 0 0 0 0 1
1 0 0 0 1 1 0 0 0 0 0
0 0 0 0 0 0 1 1 1 0 0

Graph 146, order 11.
0 0 0 0 0 0 0 1 0 0 1
0 0 0 0 0 0 0 1 0 0 0
0 0 0 0 0 0 0 0 1 0 1
0 0 0 0 0 0 0 0 1 0 0
0 0 0 0 0 0 0 0 0 1 1
0 0 0 0 0 0 0 0 0 1 0
0 0 0 0 0 0 0 0 0 1 0
1 1 0 0 0 0 0 0 0 0 0
0 0 1 1 0 0 0 0 0 0 0
0 0 0 0 1 1 1 0 0 0 0
1 0 1 0 1 0 0 0 0 0 0

Graph 147, order 11.
0 0 0 0 0 0 0 1 0 0 0
0 0 0 0 0 0 0 1 0 0 0
0 0 0 0 0 0 0 0 1 0 1
0 0 0 0 0 0 0 0 1 0 0
0 0 0 0 0 0 0 0 0 1 1
0 0 0 0 0 0 0 0 0 1 0
0 0 0 0 0 0 0 0 0 1 0
1 1 0 0 0 0 0 0 0 0 1
0 0 1 1 0 0 0 0 0 0 0
0 0 0 0 1 1 1 0 0 0 0
0 0 1 0 1 0 0 1 0 0 0

Graph 148, order 11.
0 0 0 0 0 0 0 1 0 0 0
0 0 0 0 0 0 0 1 0 0 0
0 0 0 0 0 0 0 0 1 0 0
0 0 0 0 0 0 0 0 1 0 0
0 0 0 0 0 0 0 0 0 1 1
0 0 0 0 0 0 0 0 0 1 0
0 0 0 0 0 0 0 0 0 1 0
1 1 0 0 0 0 0 0 0 0 1
0 0 1 1 0 0 0 0 0 0 1
0 0 0 0 1 1 1 0 0 0 0
0 0 0 0 1 0 0 1 1 0 0

Graph 149, order 11.
0 0 0 0 0 0 0 1 0 0 0
0 0 0 0 0 0 0 1 0 0 0
0 0 0 0 0 0 0 0 1 1 0
0 0 0 0 0 0 0 0 1 0 0
0 0 0 0 0 0 0 0 0 1 0
0 0 0 0 0 0 0 0 0 0 1
0 0 0 0 0 0 0 0 0 0 1
1 1 0 0 0 0 0 0 0 1 0
0 0 1 1 0 0 0 0 0 0 1
0 0 1 0 1 0 0 1 0 0 0
0 0 0 0 0 1 1 0 1 0 0

Graph 150, order 11.
0 0 0 0 0 0 1 0 0 1 1
0 0 0 0 0 0 0 1 0 1 0
0 0 0 0 0 0 0 0 1 1 0
0 0 0 0 0 0 0 0 0 0 1
0 0 0 0 0 0 0 0 0 0 1
0 0 0 0 0 0 0 0 0 0 1
1 0 0 0 0 0 0 0 0 0 0
0 1 0 0 0 0 0 0 0 0 0
0 0 1 0 0 0 0 0 0 0 0
1 1 1 0 0 0 0 0 0 0 0
1 0 0 1 1 1 0 0 0 0 0

Graph 151, order 11.
0 0 0 0 0 0 1 0 0 1 0
0 0 0 0 0 0 0 1 0 1 0
0 0 0 0 0 0 0 0 1 1 0
0 0 0 0 0 0 0 0 0 0 1
0 0 0 0 0 0 0 0 0 0 1
0 0 0 0 0 0 0 0 0 0 1
1 0 0 0 0 0 0 0 0 0 1
0 1 0 0 0 0 0 0 0 0 0
0 0 1 0 0 0 0 0 0 0 0
1 1 1 0 0 0 0 0 0 0 0
0 0 0 1 1 1 1 0 0 0 0

Graph 152, order 11.
0 0 0 0 0 0 1 0 0 0 1
0 0 0 0 0 0 0 1 0 0 1
0 0 0 0 0 0 0 0 1 0 1
0 0 0 0 0 0 0 0 0 1 1
0 0 0 0 0 0 0 0 0 0 1
0 0 0 0 0 0 0 0 0 0 1
1 0 0 0 0 0 0 0 0 0 0
0 1 0 0 0 0 0 0 0 0 0
0 0 1 0 0 0 0 0 0 0 0
0 0 0 1 0 0 0 0 0 0 0
1 1 1 1 1 1 0 0 0 0 0

Graph 153, order 11.
0 0 0 0 0 0 1 0 0 1 1
0 0 0 0 0 0 0 1 0 0 1
0 0 0 0 0 0 0 0 1 0 1
0 0 0 0 0 0 0 0 0 1 0
0 0 0 0 0 0 0 0 0 0 1
0 0 0 0 0 0 0 0 0 0 1
1 0 0 0 0 0 0 0 0 0 0
0 1 0 0 0 0 0 0 0 0 0
0 0 1 0 0 0 0 0 0 0 0
1 0 0 1 0 0 0 0 0 0 0
1 1 1 0 1 1 0 0 0 0 0

Graph 154, order 11.
0 0 0 0 0 0 1 0 0 1 0
0 0 0 0 0 0 0 1 0 0 1
0 0 0 0 0 0 0 0 1 0 1
0 0 0 0 0 0 0 0 0 1 1
0 0 0 0 0 0 0 0 0 0 1
0 0 0 0 0 0 0 0 0 0 1
1 0 0 0 0 0 0 0 0 0 0
0 1 0 0 0 0 0 0 0 0 0
0 0 1 0 0 0 0 0 0 0 0
1 0 0 1 0 0 0 0 0 0 0
0 1 1 1 1 1 0 0 0 0 0

Graph 155, order 11.
0 0 0 0 0 0 1 0 0 1 1
0 0 0 0 0 0 0 1 0 1 0
0 0 0 0 0 0 0 0 1 0 1
0 0 0 0 0 0 0 0 0 1 0
0 0 0 0 0 0 0 0 0 0 1
0 0 0 0 0 0 0 0 0 0 1
1 0 0 0 0 0 0 0 0 0 0
0 1 0 0 0 0 0 0 0 0 0
0 0 1 0 0 0 0 0 0 0 0
1 1 0 1 0 0 0 0 0 0 0
1 0 1 0 1 1 0 0 0 0 0

Graph 156, order 11.
0 0 0 0 0 0 1 0 0 1 0
0 0 0 0 0 0 0 1 0 1 0
0 0 0 0 0 0 0 0 1 0 1
0 0 0 0 0 0 0 0 0 1 1
0 0 0 0 0 0 0 0 0 0 1
0 0 0 0 0 0 0 0 0 0 1
1 0 0 0 0 0 0 0 0 0 0
0 1 0 0 0 0 0 0 0 0 0
0 0 1 0 0 0 0 0 0 0 0
1 1 0 1 0 0 0 0 0 0 0
0 0 1 1 1 1 0 0 0 0 0

Graph 157, order 11.
0 0 0 0 0 0 1 0 0 1 0
0 0 0 0 0 0 0 1 0 1 0
0 0 0 0 0 0 0 0 1 0 1
0 0 0 0 0 0 0 0 0 1 0
0 0 0 0 0 0 0 0 0 0 1
0 0 0 0 0 0 0 0 0 0 1
1 0 0 0 0 0 0 0 0 0 1
0 1 0 0 0 0 0 0 0 0 0
0 0 1 0 0 0 0 0 0 0 0
1 1 0 1 0 0 0 0 0 0 0
0 0 1 0 1 1 1 0 0 0 0

Graph 158, order 11.
0 0 0 0 0 0 1 0 0 0 1
0 0 0 0 0 0 0 1 0 0 1
0 0 0 0 0 0 0 0 1 0 1
0 0 0 0 0 0 0 0 0 1 1
0 0 0 0 0 0 0 0 0 1 0
0 0 0 0 0 0 0 0 0 0 1
1 0 0 0 0 0 0 0 0 0 0
0 1 0 0 0 0 0 0 0 0 0
0 0 1 0 0 0 0 0 0 0 0
0 0 0 1 1 0 0 0 0 0 0
1 1 1 1 0 1 0 0 0 0 0

Graph 159, order 11.
0 0 0 0 0 0 1 0 0 0 1
0 0 0 0 0 0 0 1 0 0 1
0 0 0 0 0 0 0 0 1 0 1
0 0 0 0 0 0 0 0 0 1 0
0 0 0 0 0 0 0 0 0 1 0
0 0 0 0 0 0 0 0 0 0 1
1 0 0 0 0 0 0 0 0 0 0
0 1 0 0 0 0 0 0 0 0 0
0 0 1 0 0 0 0 0 0 0 0
0 0 0 1 1 0 0 0 0 0 1
1 1 1 0 0 1 0 0 0 1 0

Graph 160, order 11.
0 0 0 0 0 0 1 0 0 1 1
0 0 0 0 0 0 0 1 0 0 1
0 0 0 0 0 0 0 0 1 0 1
0 0 0 0 0 0 0 0 0 1 0
0 0 0 0 0 0 0 0 0 1 0
0 0 0 0 0 0 0 0 0 0 1
1 0 0 0 0 0 0 0 0 0 0
0 1 0 0 0 0 0 0 0 0 0
0 0 1 0 0 0 0 0 0 0 0
1 0 0 1 1 0 0 0 0 0 0
1 1 1 0 0 1 0 0 0 0 0

Graph 161, order 11.
0 0 0 0 0 0 1 0 0 1 0
0 0 0 0 0 0 0 1 0 0 1
0 0 0 0 0 0 0 0 1 0 1
0 0 0 0 0 0 0 0 0 1 1
0 0 0 0 0 0 0 0 0 1 0
0 0 0 0 0 0 0 0 0 0 1
1 0 0 0 0 0 0 0 0 0 0
0 1 0 0 0 0 0 0 0 0 0
0 0 1 0 0 0 0 0 0 0 0
1 0 0 1 1 0 0 0 0 0 0
0 1 1 1 0 1 0 0 0 0 0

Graph 162, order 11.
0 0 0 0 0 0 1 0 0 1 0
0 0 0 0 0 0 0 1 0 0 1
0 0 0 0 0 0 0 0 1 0 1
0 0 0 0 0 0 0 0 0 1 0
0 0 0 0 0 0 0 0 0 1 0
0 0 0 0 0 0 0 0 0 0 1
1 0 0 0 0 0 0 0 0 0 1
0 1 0 0 0 0 0 0 0 0 0
0 0 1 0 0 0 0 0 0 0 0
1 0 0 1 1 0 0 0 0 0 0
0 1 1 0 0 1 1 0 0 0 0

Graph 163, order 11.
0 0 0 0 0 0 1 0 0 1 0
0 0 0 0 0 0 0 1 0 0 1
0 0 0 0 0 0 0 0 1 0 1
0 0 0 0 0 0 0 0 0 1 0
0 0 0 0 0 0 0 0 0 1 0
0 0 0 0 0 0 0 0 0 0 1
1 0 0 0 0 0 0 0 0 0 0
0 1 0 0 0 0 0 0 0 0 0
0 0 1 0 0 0 0 0 0 0 0
1 0 0 1 1 0 0 0 0 0 1
0 1 1 0 0 1 0 0 0 1 0

Graph 164, order 11.
0 0 0 0 0 0 1 0 0 0 1
0 0 0 0 0 0 0 1 0 0 1
0 0 0 0 0 0 0 0 1 0 1
0 0 0 0 0 0 0 0 0 1 1
0 0 0 0 0 0 0 0 0 1 0
0 0 0 0 0 0 0 0 0 1 0
1 0 0 0 0 0 0 0 0 0 0
0 1 0 0 0 0 0 0 0 0 0
0 0 1 0 0 0 0 0 0 0 0
0 0 0 1 1 1 0 0 0 0 0
1 1 1 1 0 0 0 0 0 0 0

Graph 165, order 11.
0 0 0 0 0 0 1 0 0 0 1
0 0 0 0 0 0 0 1 0 0 1
0 0 0 0 0 0 0 0 1 0 1
0 0 0 0 0 0 0 0 0 1 0
0 0 0 0 0 0 0 0 0 1 0
0 0 0 0 0 0 0 0 0 1 0
1 0 0 0 0 0 0 0 0 0 0
0 1 0 0 0 0 0 0 0 0 0
0 0 1 0 0 0 0 0 0 0 0
0 0 0 1 1 1 0 0 0 0 1
1 1 1 0 0 0 0 0 0 1 0

Graph 166, order 11.
0 0 0 0 0 0 1 0 1 0 1
0 0 0 0 0 0 0 1 0 1 1
0 0 0 0 0 0 0 0 1 0 0
0 0 0 0 0 0 0 0 0 1 0
0 0 0 0 0 0 0 0 0 0 1
0 0 0 0 0 0 0 0 0 0 1
1 0 0 0 0 0 0 0 0 0 0
0 1 0 0 0 0 0 0 0 0 0
1 0 1 0 0 0 0 0 0 0 0
0 1 0 1 0 0 0 0 0 0 0
1 1 0 0 1 1 0 0 0 0 0

Graph 167, order 11.
0 0 0 0 0 0 1 0 1 0 0
0 0 0 0 0 0 0 1 0 1 1
0 0 0 0 0 0 0 0 1 0 1
0 0 0 0 0 0 0 0 0 1 0
0 0 0 0 0 0 0 0 0 0 1
0 0 0 0 0 0 0 0 0 0 1
1 0 0 0 0 0 0 0 0 0 0
0 1 0 0 0 0 0 0 0 0 0
1 0 1 0 0 0 0 0 0 0 0
0 1 0 1 0 0 0 0 0 0 0
0 1 1 0 1 1 0 0 0 0 0

Graph 168, order 11.
0 0 0 0 0 0 1 0 1 0 0
0 0 0 0 0 0 0 1 0 1 0
0 0 0 0 0 0 0 0 1 0 1
0 0 0 0 0 0 0 0 0 1 1
0 0 0 0 0 0 0 0 0 0 1
0 0 0 0 0 0 0 0 0 0 1
1 0 0 0 0 0 0 0 0 0 0
0 1 0 0 0 0 0 0 0 0 0
1 0 1 0 0 0 0 0 0 0 0
0 1 0 1 0 0 0 0 0 0 0
0 0 1 1 1 1 0 0 0 0 0

Graph 169, order 11.
0 0 0 0 0 0 1 0 1 0 1
0 0 0 0 0 0 0 1 0 0 1
0 0 0 0 0 0 0 0 1 1 0
0 0 0 0 0 0 0 0 0 1 0
0 0 0 0 0 0 0 0 0 0 1
0 0 0 0 0 0 0 0 0 0 1
1 0 0 0 0 0 0 0 0 0 0
0 1 0 0 0 0 0 0 0 0 0
1 0 1 0 0 0 0 0 0 0 0
0 0 1 1 0 0 0 0 0 0 0
1 1 0 0 1 1 0 0 0 0 0

Graph 170, order 11.
0 0 0 0 0 0 1 0 1 0 0
0 0 0 0 0 0 0 1 0 0 1
0 0 0 0 0 0 0 0 1 1 1
0 0 0 0 0 0 0 0 0 1 0
0 0 0 0 0 0 0 0 0 0 1
0 0 0 0 0 0 0 0 0 0 1
1 0 0 0 0 0 0 0 0 0 0
0 1 0 0 0 0 0 0 0 0 0
1 0 1 0 0 0 0 0 0 0 0
0 0 1 1 0 0 0 0 0 0 0
0 1 1 0 1 1 0 0 0 0 0

Graph 171, order 11.
0 0 0 0 0 0 1 0 1 0 0
0 0 0 0 0 0 0 1 0 0 1
0 0 0 0 0 0 0 0 1 1 0
0 0 0 0 0 0 0 0 0 1 1
0 0 0 0 0 0 0 0 0 0 1
0 0 0 0 0 0 0 0 0 0 1
1 0 0 0 0 0 0 0 0 0 0
0 1 0 0 0 0 0 0 0 0 0
1 0 1 0 0 0 0 0 0 0 0
0 0 1 1 0 0 0 0 0 0 0
0 1 0 1 1 1 0 0 0 0 0

Graph 172, order 11.
0 0 0 0 0 0 1 0 1 0 1
0 0 0 0 0 0 0 1 0 0 1
0 0 0 0 0 0 0 0 1 0 0
0 0 0 0 0 0 0 0 0 1 1
0 0 0 0 0 0 0 0 0 1 0
0 0 0 0 0 0 0 0 0 0 1
1 0 0 0 0 0 0 0 0 0 0
0 1 0 0 0 0 0 0 0 0 0
1 0 1 0 0 0 0 0 0 0 0
0 0 0 1 1 0 0 0 0 0 0
1 1 0 1 0 1 0 0 0 0 0

Graph 173, order 11.
0 0 0 0 0 0 1 0 1 0 0
0 0 0 0 0 0 0 1 0 0 1
0 0 0 0 0 0 0 0 1 0 1
0 0 0 0 0 0 0 0 0 1 1
0 0 0 0 0 0 0 0 0 1 0
0 0 0 0 0 0 0 0 0 0 1
1 0 0 0 0 0 0 0 0 0 0
0 1 0 0 0 0 0 0 0 0 0
1 0 1 0 0 0 0 0 0 0 0
0 0 0 1 1 0 0 0 0 0 0
0 1 1 1 0 1 0 0 0 0 0

Graph 174, order 11.
0 0 0 0 0 0 1 0 1 0 1
0 0 0 0 0 0 0 1 0 0 1
0 0 0 0 0 0 0 0 1 0 0
0 0 0 0 0 0 0 0 0 1 0
0 0 0 0 0 0 0 0 0 1 0
0 0 0 0 0 0 0 0 0 0 1
1 0 0 0 0 0 0 0 0 0 0
0 1 0 0 0 0 0 0 0 0 0
1 0 1 0 0 0 0 0 0 0 0
0 0 0 1 1 0 0 0 0 0 1
1 1 0 0 0 1 0 0 0 1 0

Graph 175, order 11.
0 0 0 0 0 0 1 0 1 0 0
0 0 0 0 0 0 0 1 0 0 1
0 0 0 0 0 0 0 0 1 0 1
0 0 0 0 0 0 0 0 0 1 0
0 0 0 0 0 0 0 0 0 1 0
0 0 0 0 0 0 0 0 0 0 1
1 0 0 0 0 0 0 0 0 0 0
0 1 0 0 0 0 0 0 0 0 0
1 0 1 0 0 0 0 0 0 0 0
0 0 0 1 1 0 0 0 0 0 1
0 1 1 0 0 1 0 0 0 1 0

Graph 176, order 11.
0 0 0 0 0 0 1 0 1 0 1
0 0 0 0 0 0 0 1 0 1 1
0 0 0 0 0 0 0 0 1 0 0
0 0 0 0 0 0 0 0 0 1 0
0 0 0 0 0 0 0 0 0 1 0
0 0 0 0 0 0 0 0 0 0 1
1 0 0 0 0 0 0 0 0 0 0
0 1 0 0 0 0 0 0 0 0 0
1 0 1 0 0 0 0 0 0 0 0
0 1 0 1 1 0 0 0 0 0 0
1 1 0 0 0 1 0 0 0 0 0

Graph 177, order 11.
0 0 0 0 0 0 1 0 1 0 0
0 0 0 0 0 0 0 1 0 1 0
0 0 0 0 0 0 0 0 1 0 1
0 0 0 0 0 0 0 0 0 1 0
0 0 0 0 0 0 0 0 0 1 0
0 0 0 0 0 0 0 0 0 0 1
1 0 0 0 0 0 0 0 0 0 0
0 1 0 0 0 0 0 0 0 0 1
1 0 1 0 0 0 0 0 0 0 0
0 1 0 1 1 0 0 0 0 0 0
0 0 1 0 0 1 0 1 0 0 0

Graph 178, order 11.
0 0 0 0 0 0 1 0 1 0 1
0 0 0 0 0 0 0 1 0 0 1
0 0 0 0 0 0 0 0 1 1 0
0 0 0 0 0 0 0 0 0 1 0
0 0 0 0 0 0 0 0 0 1 0
0 0 0 0 0 0 0 0 0 0 1
1 0 0 0 0 0 0 0 0 0 0
0 1 0 0 0 0 0 0 0 0 0
1 0 1 0 0 0 0 0 0 0 0
0 0 1 1 1 0 0 0 0 0 0
1 1 0 0 0 1 0 0 0 0 0

Graph 179, order 11.
0 0 0 0 0 0 1 0 1 0 0
0 0 0 0 0 0 0 1 0 0 1
0 0 0 0 0 0 0 0 1 1 0
0 0 0 0 0 0 0 0 0 1 1
0 0 0 0 0 0 0 0 0 1 0
0 0 0 0 0 0 0 0 0 0 1
1 0 0 0 0 0 0 0 0 0 0
0 1 0 0 0 0 0 0 0 0 0
1 0 1 0 0 0 0 0 0 0 0
0 0 1 1 1 0 0 0 0 0 0
0 1 0 1 0 1 0 0 0 0 0

Graph 180, order 11.
0 0 0 0 0 0 1 0 1 0 0
0 0 0 0 0 0 0 1 0 0 1
0 0 0 0 0 0 0 0 1 1 0
0 0 0 0 0 0 0 0 0 1 0
0 0 0 0 0 0 0 0 0 1 0
0 0 0 0 0 0 0 0 0 0 1
1 0 0 0 0 0 0 0 0 0 1
0 1 0 0 0 0 0 0 0 0 0
1 0 1 0 0 0 0 0 0 0 0
0 0 1 1 1 0 0 0 0 0 0
0 1 0 0 0 1 1 0 0 0 0

Graph 181, order 11.
0 0 0 0 0 0 1 0 1 0 1
0 0 0 0 0 0 0 1 0 0 1
0 0 0 0 0 0 0 0 1 0 0
0 0 0 0 0 0 0 0 0 1 1
0 0 0 0 0 0 0 0 0 1 0
0 0 0 0 0 0 0 0 0 1 0
1 0 0 0 0 0 0 0 0 0 0
0 1 0 0 0 0 0 0 0 0 0
1 0 1 0 0 0 0 0 0 0 0
0 0 0 1 1 1 0 0 0 0 0
1 1 0 1 0 0 0 0 0 0 0

Graph 182, order 11.
0 0 0 0 0 0 1 0 1 0 0
0 0 0 0 0 0 0 1 0 0 1
0 0 0 0 0 0 0 0 1 0 1
0 0 0 0 0 0 0 0 0 1 1
0 0 0 0 0 0 0 0 0 1 0
0 0 0 0 0 0 0 0 0 1 0
1 0 0 0 0 0 0 0 0 0 0
0 1 0 0 0 0 0 0 0 0 0
1 0 1 0 0 0 0 0 0 0 0
0 0 0 1 1 1 0 0 0 0 0
0 1 1 1 0 0 0 0 0 0 0

Graph 183, order 11.
0 0 0 0 0 0 1 0 0 1 0
0 0 0 0 0 0 0 1 0 1 0
0 0 0 0 0 0 0 0 1 1 0
0 0 0 0 0 0 0 0 1 0 0
0 0 0 0 0 0 0 0 0 0 1
0 0 0 0 0 0 0 0 0 0 1
1 0 0 0 0 0 0 0 0 0 0
0 1 0 0 0 0 0 0 0 0 0
0 0 1 1 0 0 0 0 0 0 1
1 1 1 0 0 0 0 0 0 0 0
0 0 0 0 1 1 0 0 1 0 0

Graph 184, order 11.
0 0 0 0 0 0 1 0 0 1 0
0 0 0 0 0 0 0 1 0 1 0
0 0 0 0 0 0 0 0 1 0 0
0 0 0 0 0 0 0 0 1 0 0
0 0 0 0 0 0 0 0 0 1 0
0 0 0 0 0 0 0 0 0 0 1
1 0 0 0 0 0 0 0 0 0 1
0 1 0 0 0 0 0 0 0 0 0
0 0 1 1 0 0 0 0 0 0 1
1 1 0 0 1 0 0 0 0 0 0
0 0 0 0 0 1 1 0 1 0 0

Graph 185, order 11.
0 0 0 0 0 0 1 0 0 0 1
0 0 0 0 0 0 0 1 0 0 1
0 0 0 0 0 0 0 0 1 1 1
0 0 0 0 0 0 0 0 1 0 0
0 0 0 0 0 0 0 0 0 1 0
0 0 0 0 0 0 0 0 0 0 1
1 0 0 0 0 0 0 0 0 0 0
0 1 0 0 0 0 0 0 0 0 0
0 0 1 1 0 0 0 0 0 0 0
0 0 1 0 1 0 0 0 0 0 0
1 1 1 0 0 1 0 0 0 0 0

Graph 186, order 11.
0 0 0 0 0 0 1 0 0 0 1
0 0 0 0 0 0 0 1 0 0 1
0 0 0 0 0 0 0 0 1 1 0
0 0 0 0 0 0 0 0 1 0 1
0 0 0 0 0 0 0 0 0 1 0
0 0 0 0 0 0 0 0 0 0 1
1 0 0 0 0 0 0 0 0 0 0
0 1 0 0 0 0 0 0 0 0 0
0 0 1 1 0 0 0 0 0 0 0
0 0 1 0 1 0 0 0 0 0 0
1 1 0 1 0 1 0 0 0 0 0

Graph 187, order 11.
0 0 0 0 0 0 1 0 0 0 1
0 0 0 0 0 0 0 1 0 0 1
0 0 0 0 0 0 0 0 1 1 0
0 0 0 0 0 0 0 0 1 0 0
0 0 0 0 0 0 0 0 0 1 0
0 0 0 0 0 0 0 0 0 0 1
1 0 0 0 0 0 0 0 0 0 0
0 1 0 0 0 0 0 0 0 0 0
0 0 1 1 0 0 0 0 0 0 1
0 0 1 0 1 0 0 0 0 0 0
1 1 0 0 0 1 0 0 1 0 0

Graph 188, order 11.
0 0 0 0 0 0 1 0 0 1 0
0 0 0 0 0 0 0 1 0 0 1
0 0 0 0 0 0 0 0 1 1 0
0 0 0 0 0 0 0 0 1 0 1
0 0 0 0 0 0 0 0 0 1 0
0 0 0 0 0 0 0 0 0 0 1
1 0 0 0 0 0 0 0 0 0 0
0 1 0 0 0 0 0 0 0 0 0
0 0 1 1 0 0 0 0 0 0 0
1 0 1 0 1 0 0 0 0 0 0
0 1 0 1 0 1 0 0 0 0 0

Graph 189, order 11.
0 0 0 0 0 0 1 0 0 1 0
0 0 0 0 0 0 0 1 0 0 1
0 0 0 0 0 0 0 0 1 1 0
0 0 0 0 0 0 0 0 1 0 0
0 0 0 0 0 0 0 0 0 1 0
0 0 0 0 0 0 0 0 0 0 1
1 0 0 0 0 0 0 0 0 0 1
0 1 0 0 0 0 0 0 0 0 0
0 0 1 1 0 0 0 0 0 0 0
1 0 1 0 1 0 0 0 0 0 0
0 1 0 0 0 1 1 0 0 0 0

Graph 190, order 11.
0 0 0 0 0 0 1 0 0 1 0
0 0 0 0 0 0 0 1 0 0 1
0 0 0 0 0 0 0 0 1 1 0
0 0 0 0 0 0 0 0 1 0 0
0 0 0 0 0 0 0 0 0 1 0
0 0 0 0 0 0 0 0 0 0 1
1 0 0 0 0 0 0 0 0 0 0
0 1 0 0 0 0 0 0 0 0 0
0 0 1 1 0 0 0 0 0 0 1
1 0 1 0 1 0 0 0 0 0 0
0 1 0 0 0 1 0 0 1 0 0

Graph 191, order 11.
0 0 0 0 0 0 1 0 0 0 1
0 0 0 0 0 0 0 1 0 0 1
0 0 0 0 0 0 0 0 1 0 1
0 0 0 0 0 0 0 0 1 0 0
0 0 0 0 0 0 0 0 0 1 1
0 0 0 0 0 0 0 0 0 1 0
1 0 0 0 0 0 0 0 0 0 0
0 1 0 0 0 0 0 0 0 0 0
0 0 1 1 0 0 0 0 0 0 0
0 0 0 0 1 1 0 0 0 0 0
1 1 1 0 1 0 0 0 0 0 0

Graph 192, order 11.
0 0 0 0 0 0 1 0 0 0 1
0 0 0 0 0 0 0 1 0 0 1
0 0 0 0 0 0 0 0 1 0 0
0 0 0 0 0 0 0 0 1 0 0
0 0 0 0 0 0 0 0 0 1 1
0 0 0 0 0 0 0 0 0 1 0
1 0 0 0 0 0 0 0 0 0 0
0 1 0 0 0 0 0 0 0 0 0
0 0 1 1 0 0 0 0 0 0 1
0 0 0 0 1 1 0 0 0 0 0
1 1 0 0 1 0 0 0 1 0 0

Graph 193, order 11.
0 0 0 0 0 0 1 0 0 0 1
0 0 0 0 0 0 0 1 0 0 1
0 0 0 0 0 0 0 0 1 0 0
0 0 0 0 0 0 0 0 1 0 0
0 0 0 0 0 0 0 0 0 1 0
0 0 0 0 0 0 0 0 0 1 0
1 0 0 0 0 0 0 0 0 0 0
0 1 0 0 0 0 0 0 0 0 0
0 0 1 1 0 0 0 0 0 0 1
0 0 0 0 1 1 0 0 0 0 1
1 1 0 0 0 0 0 0 1 1 0

Graph 194, order 11.
0 0 0 0 0 0 1 0 0 1 0
0 0 0 0 0 0 0 1 0 0 1
0 0 0 0 0 0 0 0 1 0 1
0 0 0 0 0 0 0 0 1 0 0
0 0 0 0 0 0 0 0 0 1 1
0 0 0 0 0 0 0 0 0 1 0
1 0 0 0 0 0 0 0 0 0 0
0 1 0 0 0 0 0 0 0 0 0
0 0 1 1 0 0 0 0 0 0 0
1 0 0 0 1 1 0 0 0 0 0
0 1 1 0 1 0 0 0 0 0 0

Graph 195, order 11.
0 0 0 0 0 0 1 0 0 1 0
0 0 0 0 0 0 0 1 0 0 1
0 0 0 0 0 0 0 0 1 0 1
0 0 0 0 0 0 0 0 1 0 0
0 0 0 0 0 0 0 0 0 1 0
0 0 0 0 0 0 0 0 0 1 0
1 0 0 0 0 0 0 0 0 0 1
0 1 0 0 0 0 0 0 0 0 0
0 0 1 1 0 0 0 0 0 0 0
1 0 0 0 1 1 0 0 0 0 0
0 1 1 0 0 0 1 0 0 0 0

Graph 196, order 11.
0 0 0 0 0 0 1 0 0 1 1
0 0 0 0 0 0 0 1 0 0 1
0 0 0 0 0 0 0 0 1 0 0
0 0 0 0 0 0 0 0 1 0 0
0 0 0 0 0 0 0 0 0 1 0
0 0 0 0 0 0 0 0 0 1 0
1 0 0 0 0 0 0 0 0 0 0
0 1 0 0 0 0 0 0 0 0 0
0 0 1 1 0 0 0 0 0 0 1
1 0 0 0 1 1 0 0 0 0 0
1 1 0 0 0 0 0 0 1 0 0

Graph 197, order 11.
0 0 0 0 0 0 1 0 0 1 0
0 0 0 0 0 0 0 1 0 0 1
0 0 0 0 0 0 0 0 1 0 0
0 0 0 0 0 0 0 0 1 0 0
0 0 0 0 0 0 0 0 0 1 1
0 0 0 0 0 0 0 0 0 1 0
1 0 0 0 0 0 0 0 0 0 0
0 1 0 0 0 0 0 0 0 0 0
0 0 1 1 0 0 0 0 0 0 1
1 0 0 0 1 1 0 0 0 0 0
0 1 0 0 1 0 0 0 1 0 0

Graph 198, order 11.
0 0 0 0 0 0 1 0 0 1 0
0 0 0 0 0 0 0 1 0 0 1
0 0 0 0 0 0 0 0 1 0 0
0 0 0 0 0 0 0 0 1 0 0
0 0 0 0 0 0 0 0 0 1 0
0 0 0 0 0 0 0 0 0 1 0
1 0 0 0 0 0 0 0 0 0 1
0 1 0 0 0 0 0 0 0 0 0
0 0 1 1 0 0 0 0 0 0 1
1 0 0 0 1 1 0 0 0 0 0
0 1 0 0 0 0 1 0 1 0 0

Graph 199, order 11.
0 0 0 0 0 0 1 0 0 0 1
0 0 0 0 0 0 0 1 0 0 1
0 0 0 0 0 0 0 0 1 1 0
0 0 0 0 0 0 0 0 1 0 1
0 0 0 0 0 0 0 0 0 1 0
0 0 0 0 0 0 0 0 0 1 0
1 0 0 0 0 0 0 0 0 0 0
0 1 0 0 0 0 0 0 0 0 0
0 0 1 1 0 0 0 0 0 0 0
0 0 1 0 1 1 0 0 0 0 0
1 1 0 1 0 0 0 0 0 0 0

Graph 200, order 11.
0 0 0 0 0 0 1 0 0 0 1
0 0 0 0 0 0 0 1 0 0 1
0 0 0 0 0 0 0 0 1 1 0
0 0 0 0 0 0 0 0 1 0 0
0 0 0 0 0 0 0 0 0 1 1
0 0 0 0 0 0 0 0 0 1 0
1 0 0 0 0 0 0 0 0 0 0
0 1 0 0 0 0 0 0 0 0 0
0 0 1 1 0 0 0 0 0 0 0
0 0 1 0 1 1 0 0 0 0 0
1 1 0 0 1 0 0 0 0 0 0

Graph 201, order 11.
0 0 0 0 0 0 1 0 0 0 1
0 0 0 0 0 0 0 1 0 0 1
0 0 0 0 0 0 0 0 1 1 0
0 0 0 0 0 0 0 0 1 0 0
0 0 0 0 0 0 0 0 0 1 0
0 0 0 0 0 0 0 0 0 1 0
1 0 0 0 0 0 0 0 0 0 0
0 1 0 0 0 0 0 0 0 0 0
0 0 1 1 0 0 0 0 0 0 1
0 0 1 0 1 1 0 0 0 0 0
1 1 0 0 0 0 0 0 1 0 0

Graph 202, order 11.
0 0 0 0 0 0 1 1 0 0 0
0 0 0 0 0 0 0 1 1 0 0
0 0 0 0 0 0 0 0 1 1 0
0 0 0 0 0 0 0 0 0 1 1
0 0 0 0 0 0 0 0 0 0 1
0 0 0 0 0 0 0 0 0 0 1
1 0 0 0 0 0 0 0 0 0 0
1 1 0 0 0 0 0 0 0 0 0
0 1 1 0 0 0 0 0 0 0 0
0 0 1 1 0 0 0 0 0 0 0
0 0 0 1 1 1 0 0 0 0 0

Graph 203, order 11.
0 0 0 0 0 0 1 1 0 0 0
0 0 0 0 0 0 0 1 1 0 0
0 0 0 0 0 0 0 0 1 0 1
0 0 0 0 0 0 0 0 0 1 1
0 0 0 0 0 0 0 0 0 1 0
0 0 0 0 0 0 0 0 0 0 1
1 0 0 0 0 0 0 0 0 0 0
1 1 0 0 0 0 0 0 0 0 0
0 1 1 0 0 0 0 0 0 0 0
0 0 0 1 1 0 0 0 0 0 0
0 0 1 1 0 1 0 0 0 0 0

Graph 204, order 11.
0 0 0 0 0 0 1 1 0 0 1
0 0 0 0 0 0 0 1 1 0 0
0 0 0 0 0 0 0 0 1 0 0
0 0 0 0 0 0 0 0 0 1 0
0 0 0 0 0 0 0 0 0 1 0
0 0 0 0 0 0 0 0 0 0 1
1 0 0 0 0 0 0 0 0 0 0
1 1 0 0 0 0 0 0 0 0 0
0 1 1 0 0 0 0 0 0 0 0
0 0 0 1 1 0 0 0 0 0 1
1 0 0 0 0 1 0 0 0 1 0

Graph 205, order 11.
0 0 0 0 0 0 1 1 0 0 0
0 0 0 0 0 0 0 1 1 0 1
0 0 0 0 0 0 0 0 1 0 0
0 0 0 0 0 0 0 0 0 1 0
0 0 0 0 0 0 0 0 0 1 0
0 0 0 0 0 0 0 0 0 0 1
1 0 0 0 0 0 0 0 0 0 0
1 1 0 0 0 0 0 0 0 0 0
0 1 1 0 0 0 0 0 0 0 0
0 0 0 1 1 0 0 0 0 0 1
0 1 0 0 0 1 0 0 0 1 0

Graph 206, order 11.
0 0 0 0 0 0 1 1 0 0 0
0 0 0 0 0 0 0 1 1 0 0
0 0 0 0 0 0 0 0 1 0 1
0 0 0 0 0 0 0 0 0 1 0
0 0 0 0 0 0 0 0 0 1 0
0 0 0 0 0 0 0 0 0 0 1
1 0 0 0 0 0 0 0 0 0 0
1 1 0 0 0 0 0 0 0 0 0
0 1 1 0 0 0 0 0 0 0 0
0 0 0 1 1 0 0 0 0 0 1
0 0 1 0 0 1 0 0 0 1 0

Graph 207, order 11.
0 0 0 0 0 0 1 1 0 0 1
0 0 0 0 0 0 0 1 0 0 0
0 0 0 0 0 0 0 0 1 0 1
0 0 0 0 0 0 0 0 1 0 0
0 0 0 0 0 0 0 0 0 1 1
0 0 0 0 0 0 0 0 0 1 0
1 0 0 0 0 0 0 0 0 0 0
1 1 0 0 0 0 0 0 0 0 0
0 0 1 1 0 0 0 0 0 0 0
0 0 0 0 1 1 0 0 0 0 0
1 0 1 0 1 0 0 0 0 0 0

Graph 208, order 11.
0 0 0 0 0 0 1 1 0 0 0
0 0 0 0 0 0 0 1 0 0 1
0 0 0 0 0 0 0 0 1 0 1
0 0 0 0 0 0 0 0 1 0 0
0 0 0 0 0 0 0 0 0 1 1
0 0 0 0 0 0 0 0 0 1 0
1 0 0 0 0 0 0 0 0 0 0
1 1 0 0 0 0 0 0 0 0 0
0 0 1 1 0 0 0 0 0 0 0
0 0 0 0 1 1 0 0 0 0 0
0 1 1 0 1 0 0 0 0 0 0

Graph 209, order 11.
0 0 0 0 0 0 1 1 0 0 1
0 0 0 0 0 0 0 1 0 0 0
0 0 0 0 0 0 0 0 1 0 0
0 0 0 0 0 0 0 0 1 0 0
0 0 0 0 0 0 0 0 0 1 1
0 0 0 0 0 0 0 0 0 1 0
1 0 0 0 0 0 0 0 0 0 0
1 1 0 0 0 0 0 0 0 0 0
0 0 1 1 0 0 0 0 0 0 1
0 0 0 0 1 1 0 0 0 0 0
1 0 0 0 1 0 0 0 1 0 0

Graph 210, order 11.
0 0 0 0 0 0 1 1 0 0 0
0 0 0 0 0 0 0 1 0 0 1
0 0 0 0 0 0 0 0 1 0 0
0 0 0 0 0 0 0 0 1 0 0
0 0 0 0 0 0 0 0 0 1 1
0 0 0 0 0 0 0 0 0 1 0
1 0 0 0 0 0 0 0 0 0 0
1 1 0 0 0 0 0 0 0 0 0
0 0 1 1 0 0 0 0 0 0 1
0 0 0 0 1 1 0 0 0 0 0
0 1 0 0 1 0 0 0 1 0 0

Graph 211, order 11.
0 0 0 0 0 0 1 1 0 0 1
0 0 0 0 0 0 0 1 0 0 0
0 0 0 0 0 0 0 0 1 0 0
0 0 0 0 0 0 0 0 1 0 0
0 0 0 0 0 0 0 0 0 1 0
0 0 0 0 0 0 0 0 0 1 0
1 0 0 0 0 0 0 0 0 0 0
1 1 0 0 0 0 0 0 0 0 0
0 0 1 1 0 0 0 0 0 0 1
0 0 0 0 1 1 0 0 0 0 1
1 0 0 0 0 0 0 0 1 1 0

Graph 212, order 11.
0 0 0 0 0 0 1 1 0 0 0
0 0 0 0 0 0 0 1 0 0 1
0 0 0 0 0 0 0 0 1 0 0
0 0 0 0 0 0 0 0 1 0 0
0 0 0 0 0 0 0 0 0 1 0
0 0 0 0 0 0 0 0 0 1 0
1 0 0 0 0 0 0 0 0 0 0
1 1 0 0 0 0 0 0 0 0 0
0 0 1 1 0 0 0 0 0 0 1
0 0 0 0 1 1 0 0 0 0 1
0 1 0 0 0 0 0 0 1 1 0

Graph 213, order 11.
0 0 0 0 0 0 1 0 0 1 1
0 0 0 0 0 0 0 1 1 0 1
0 0 0 0 0 0 0 1 0 0 0
0 0 0 0 0 0 0 0 1 0 0
0 0 0 0 0 0 0 0 0 1 0
0 0 0 0 0 0 0 0 0 0 1
1 0 0 0 0 0 0 0 0 0 0
0 1 1 0 0 0 0 0 0 0 0
0 1 0 1 0 0 0 0 0 0 0
1 0 0 0 1 0 0 0 0 0 0
1 1 0 0 0 1 0 0 0 0 0

Graph 214, order 11.
0 0 0 0 0 0 1 0 0 1 0
0 0 0 0 0 0 0 1 1 0 0
0 0 0 0 0 0 0 1 0 0 1
0 0 0 0 0 0 0 0 1 0 0
0 0 0 0 0 0 0 0 0 1 1
0 0 0 0 0 0 0 0 0 0 1
1 0 0 0 0 0 0 0 0 0 0
0 1 1 0 0 0 0 0 0 0 0
0 1 0 1 0 0 0 0 0 0 0
1 0 0 0 1 0 0 0 0 0 0
0 0 1 0 1 1 0 0 0 0 0

Graph 215, order 11.
0 0 0 0 0 0 1 0 0 1 1
0 0 0 0 0 0 0 1 1 0 0
0 0 0 0 0 0 0 1 0 0 0
0 0 0 0 0 0 0 0 1 0 0
0 0 0 0 0 0 0 0 0 1 0
0 0 0 0 0 0 0 0 0 0 1
1 0 0 0 0 0 0 0 0 0 0
0 1 1 0 0 0 0 0 0 0 1
0 1 0 1 0 0 0 0 0 0 0
1 0 0 0 1 0 0 0 0 0 0
1 0 0 0 0 1 0 1 0 0 0

Graph 216, order 11.
0 0 0 0 0 0 1 0 0 1 0
0 0 0 0 0 0 0 1 1 0 0
0 0 0 0 0 0 0 1 0 0 0
0 0 0 0 0 0 0 0 1 0 0
0 0 0 0 0 0 0 0 0 1 1
0 0 0 0 0 0 0 0 0 0 1
1 0 0 0 0 0 0 0 0 0 0
0 1 1 0 0 0 0 0 0 0 1
0 1 0 1 0 0 0 0 0 0 0
1 0 0 0 1 0 0 0 0 0 0
0 0 0 0 1 1 0 1 0 0 0

Graph 217, order 11.
0 0 0 0 0 0 1 0 0 0 1
0 0 0 0 0 0 0 1 1 0 0
0 0 0 0 0 0 0 1 0 1 0
0 0 0 0 0 0 0 0 1 0 1
0 0 0 0 0 0 0 0 0 1 0
0 0 0 0 0 0 0 0 0 0 1
1 0 0 0 0 0 0 0 0 0 0
0 1 1 0 0 0 0 0 0 0 0
0 1 0 1 0 0 0 0 0 0 0
0 0 1 0 1 0 0 0 0 0 0
1 0 0 1 0 1 0 0 0 0 0

Graph 218, order 11.
0 0 0 0 0 0 1 0 0 0 1
0 0 0 0 0 0 0 1 1 0 0
0 0 0 0 0 0 0 1 0 1 0
0 0 0 0 0 0 0 0 1 0 0
0 0 0 0 0 0 0 0 0 1 0
0 0 0 0 0 0 0 0 0 0 1
1 0 0 0 0 0 0 0 0 0 0
0 1 1 0 0 0 0 0 0 0 0
0 1 0 1 0 0 0 0 0 0 1
0 0 1 0 1 0 0 0 0 0 0
1 0 0 0 0 1 0 0 1 0 0

Graph 219, order 11.
0 0 0 0 0 0 1 0 0 0 1
0 0 0 0 0 0 0 1 1 0 0
0 0 0 0 0 0 0 1 0 0 1
0 0 0 0 0 0 0 0 1 0 0
0 0 0 0 0 0 0 0 0 1 1
0 0 0 0 0 0 0 0 0 1 0
1 0 0 0 0 0 0 0 0 0 0
0 1 1 0 0 0 0 0 0 0 0
0 1 0 1 0 0 0 0 0 0 0
0 0 0 0 1 1 0 0 0 0 0
1 0 1 0 1 0 0 0 0 0 0

Graph 220, order 11.
0 0 0 0 0 0 1 0 0 0 1
0 0 0 0 0 0 0 1 1 0 0
0 0 0 0 0 0 0 1 0 0 0
0 0 0 0 0 0 0 0 1 0 0
0 0 0 0 0 0 0 0 0 1 1
0 0 0 0 0 0 0 0 0 1 0
1 0 0 0 0 0 0 0 0 0 0
0 1 1 0 0 0 0 0 0 0 1
0 1 0 1 0 0 0 0 0 0 0
0 0 0 0 1 1 0 0 0 0 0
1 0 0 0 1 0 0 1 0 0 0

Graph 221, order 11.
0 0 0 0 0 0 1 0 0 0 1
0 0 0 0 0 0 0 1 1 0 1
0 0 0 0 0 0 0 1 0 0 0
0 0 0 0 0 0 0 0 1 0 0
0 0 0 0 0 0 0 0 0 1 0
0 0 0 0 0 0 0 0 0 1 0
1 0 0 0 0 0 0 0 0 0 0
0 1 1 0 0 0 0 0 0 0 0
0 1 0 1 0 0 0 0 0 0 0
0 0 0 0 1 1 0 0 0 0 1
1 1 0 0 0 0 0 0 0 1 0

Graph 222, order 11.
0 0 0 0 0 0 1 0 0 0 1
0 0 0 0 0 0 0 1 1 0 0
0 0 0 0 0 0 0 1 0 0 1
0 0 0 0 0 0 0 0 1 0 0
0 0 0 0 0 0 0 0 0 1 0
0 0 0 0 0 0 0 0 0 1 0
1 0 0 0 0 0 0 0 0 0 0
0 1 1 0 0 0 0 0 0 0 0
0 1 0 1 0 0 0 0 0 0 0
0 0 0 0 1 1 0 0 0 0 1
1 0 1 0 0 0 0 0 0 1 0

Graph 223, order 11.
0 0 0 0 0 0 1 0 0 0 1
0 0 0 0 0 0 0 1 1 0 0
0 0 0 0 0 0 0 1 0 0 0
0 0 0 0 0 0 0 0 1 0 0
0 0 0 0 0 0 0 0 0 1 0
0 0 0 0 0 0 0 0 0 1 0
1 0 0 0 0 0 0 0 0 0 0
0 1 1 0 0 0 0 0 0 0 1
0 1 0 1 0 0 0 0 0 0 0
0 0 0 0 1 1 0 0 0 0 1
1 0 0 0 0 0 0 1 0 1 0

Graph 224, order 11.
0 0 0 0 0 1 0 0 0 0 1
0 0 0 0 0 0 1 0 0 0 1
0 0 0 0 0 0 0 1 0 0 1
0 0 0 0 0 0 0 0 1 0 1
0 0 0 0 0 0 0 0 0 1 1
1 0 0 0 0 0 0 0 0 0 0
0 1 0 0 0 0 0 0 0 0 0
0 0 1 0 0 0 0 0 0 0 0
0 0 0 1 0 0 0 0 0 0 0
0 0 0 0 1 0 0 0 0 0 0
1 1 1 1 1 0 0 0 0 0 0

Graph 225, order 11.
0 0 0 0 0 1 0 0 0 1 1
0 0 0 0 0 0 1 0 0 0 1
0 0 0 0 0 0 0 1 0 0 1
0 0 0 0 0 0 0 0 1 0 1
0 0 0 0 0 0 0 0 0 1 0
1 0 0 0 0 0 0 0 0 0 0
0 1 0 0 0 0 0 0 0 0 0
0 0 1 0 0 0 0 0 0 0 0
0 0 0 1 0 0 0 0 0 0 0
1 0 0 0 1 0 0 0 0 0 0
1 1 1 1 0 0 0 0 0 0 0

Graph 226, order 11.
0 0 0 0 0 1 0 0 0 1 0
0 0 0 0 0 0 1 0 0 0 1
0 0 0 0 0 0 0 1 0 0 1
0 0 0 0 0 0 0 0 1 0 1
0 0 0 0 0 0 0 0 0 1 1
1 0 0 0 0 0 0 0 0 0 0
0 1 0 0 0 0 0 0 0 0 0
0 0 1 0 0 0 0 0 0 0 0
0 0 0 1 0 0 0 0 0 0 0
1 0 0 0 1 0 0 0 0 0 0
0 1 1 1 1 0 0 0 0 0 0

Graph 227, order 11.
0 0 0 0 0 1 0 0 0 1 0
0 0 0 0 0 0 1 0 0 1 0
0 0 0 0 0 0 0 1 0 0 1
0 0 0 0 0 0 0 0 1 0 1
0 0 0 0 0 0 0 0 0 1 1
1 0 0 0 0 0 0 0 0 0 0
0 1 0 0 0 0 0 0 0 0 0
0 0 1 0 0 0 0 0 0 0 0
0 0 0 1 0 0 0 0 0 0 0
1 1 0 0 1 0 0 0 0 0 0
0 0 1 1 1 0 0 0 0 0 0

Graph 228, order 11.
0 0 0 0 0 1 0 0 0 1 0
0 0 0 0 0 0 1 0 0 1 0
0 0 0 0 0 0 0 1 0 0 1
0 0 0 0 0 0 0 0 1 0 1
0 0 0 0 0 0 0 0 0 1 0
1 0 0 0 0 0 0 0 0 0 1
0 1 0 0 0 0 0 0 0 0 0
0 0 1 0 0 0 0 0 0 0 0
0 0 0 1 0 0 0 0 0 0 0
1 1 0 0 1 0 0 0 0 0 0
0 0 1 1 0 1 0 0 0 0 0

Graph 229, order 11.
0 0 0 0 0 1 0 0 1 0 1
0 0 0 0 0 0 1 0 0 1 1
0 0 0 0 0 0 0 1 0 0 1
0 0 0 0 0 0 0 0 1 0 0
0 0 0 0 0 0 0 0 0 1 0
1 0 0 0 0 0 0 0 0 0 0
0 1 0 0 0 0 0 0 0 0 0
0 0 1 0 0 0 0 0 0 0 0
1 0 0 1 0 0 0 0 0 0 0
0 1 0 0 1 0 0 0 0 0 0
1 1 1 0 0 0 0 0 0 0 0

Graph 230, order 11.
0 0 0 0 0 1 0 0 1 0 0
0 0 0 0 0 0 1 0 0 1 1
0 0 0 0 0 0 0 1 0 0 1
0 0 0 0 0 0 0 0 1 0 1
0 0 0 0 0 0 0 0 0 1 0
1 0 0 0 0 0 0 0 0 0 0
0 1 0 0 0 0 0 0 0 0 0
0 0 1 0 0 0 0 0 0 0 0
1 0 0 1 0 0 0 0 0 0 0
0 1 0 0 1 0 0 0 0 0 0
0 1 1 1 0 0 0 0 0 0 0

Graph 231, order 11.
0 0 0 0 0 1 0 0 1 0 0
0 0 0 0 0 0 1 0 0 1 0
0 0 0 0 0 0 0 1 0 0 1
0 0 0 0 0 0 0 0 1 0 1
0 0 0 0 0 0 0 0 0 1 1
1 0 0 0 0 0 0 0 0 0 0
0 1 0 0 0 0 0 0 0 0 0
0 0 1 0 0 0 0 0 0 0 0
1 0 0 1 0 0 0 0 0 0 0
0 1 0 0 1 0 0 0 0 0 0
0 0 1 1 1 0 0 0 0 0 0

Graph 232, order 11.
0 0 0 0 0 1 0 0 1 0 1
0 0 0 0 0 0 1 0 0 0 1
0 0 0 0 0 0 0 1 0 0 1
0 0 0 0 0 0 0 0 1 1 0
0 0 0 0 0 0 0 0 0 1 0
1 0 0 0 0 0 0 0 0 0 0
0 1 0 0 0 0 0 0 0 0 0
0 0 1 0 0 0 0 0 0 0 0
1 0 0 1 0 0 0 0 0 0 0
0 0 0 1 1 0 0 0 0 0 0
1 1 1 0 0 0 0 0 0 0 0

Graph 233, order 11.
0 0 0 0 0 1 0 0 1 0 0
0 0 0 0 0 0 1 0 0 0 1
0 0 0 0 0 0 0 1 0 0 1
0 0 0 0 0 0 0 0 1 1 1
0 0 0 0 0 0 0 0 0 1 0
1 0 0 0 0 0 0 0 0 0 0
0 1 0 0 0 0 0 0 0 0 0
0 0 1 0 0 0 0 0 0 0 0
1 0 0 1 0 0 0 0 0 0 0
0 0 0 1 1 0 0 0 0 0 0
0 1 1 1 0 0 0 0 0 0 0

Graph 234, order 11.
0 0 0 0 0 1 0 0 1 0 0
0 0 0 0 0 0 1 0 0 0 1
0 0 0 0 0 0 0 1 0 0 1
0 0 0 0 0 0 0 0 1 1 0
0 0 0 0 0 0 0 0 0 1 1
1 0 0 0 0 0 0 0 0 0 0
0 1 0 0 0 0 0 0 0 0 0
0 0 1 0 0 0 0 0 0 0 0
1 0 0 1 0 0 0 0 0 0 0
0 0 0 1 1 0 0 0 0 0 0
0 1 1 0 1 0 0 0 0 0 0

Graph 235, order 11.
0 0 0 0 0 1 0 1 0 0 0
0 0 0 0 0 0 1 0 0 0 1
0 0 0 0 0 0 0 1 1 0 0
0 0 0 0 0 0 0 0 1 1 0
0 0 0 0 0 0 0 0 0 1 1
1 0 0 0 0 0 0 0 0 0 0
0 1 0 0 0 0 0 0 0 0 0
1 0 1 0 0 0 0 0 0 0 0
0 0 1 1 0 0 0 0 0 0 0
0 0 0 1 1 0 0 0 0 0 0
0 1 0 0 1 0 0 0 0 0 0
